0 0 0 0 0 0 0 0 0 0 0 0 0 0 0 0 0 0 0 0 0 0 0 0 0 0 0 0 0 0 0 0 0 0 0 0 0 0 0 0 0 0 0 0 0 0 0 0 0 0 0 0 0 0 0 0 0 0 0 0 0 0 0 0 0 0 0 0 0 0 0 0 0 0 0 0 0 0 0 0 0 0 0 0 0 0 0 0 0 0 0 0 0 0 0 0 0 0 0 0 0 0 0 0 0 0 0 0 0 0 0 0 0 0 0 0 0 0 0 0 0 0 0 0 0 0 0 0 0 0 0 0 0 0 0 0 0 0 0 0 0 0 0 0 0 0 0 0 0 0 0 0 0 0 0 0 0 0 0 0 0 0 0 0 0 0 0 0 0 0 0 0 0 0 0 0 0 0 0 0 0 0 0 0 0 0 0 0 0 0 0 0
0 0 0 0 0 0 0 0 0 0 0 0 0 0 0 0 0 0 0 0 0 0 0 0 0 0 0 0 0 0 0 0 0 0 0 0 0 0 0 0 0 0 0 0 0 0 0 0 0 0 0 0 0 0 0 0 0 0 0 0 0 0 0 0 0 0 0 0 0 0 0 0 0 0 0 0 0 0 0 0 0 0 0 0 0 0 0 0 0 0 0 0 0 0 0 0 0 0 0 0 0 0 0 0 0 0 0 0 0 0 0 0 0 0 0 0 0 0 0 0 0 0 0 0 0 0 0 0 0 0 0 0 0 0 0 0 0 0 0 0 0 0 0 0 0 0 0 0 0 0 0 0 0 0 0 0 0 0 0 0 0 0 0 0 0 0 0 0 0 0 0 0 0 0 0 0 0 0 0 0 0 0 0 0 0 0 0 0 0 0 0 0
0 0 0 0 0 0 0 0 0 0 0 0 0 0 0 0 0 0 0 0 0 0 0 0 0 0 0 0 0 0 0 0 0 0 0 0 0 0 0 0 0 0 0 0 0 0 0 0 0 0 0 0 0 0 0 0 0 0 0 0 0 0 0 0 0 0 0 0 0 0 0 0 0 0 0 0 0 0 0 0 0 0 0 0 0 0 0 0 0 0 0 0 0 0 0 0 0 0 0 0 0 0 0 0 0 0 0 0 0 0 0 0 0 0 0 0 0 0 0 0 0 0 0 0 0 0 0 0 0 0 0 0 0 0 0 0 0 0 0 0 0 0 0 0 0 0 0 0 0 0 0 0 0 0 0 0 0 0 0 0 0 0 0 0 0 0 0 0 0 0 0 0 0 0 0 0 0 0 0 0 0 0 0 0 0 0 0 0 0 0 0 0
0 0 0 0 0 0 0 0 0 0 0 0 0 0 0 0 0 0 0 0 0 0 0 0 0 0 0 0 0 0 0 0 0 0 0 0 0 0 0 0 0 0 0 0 0 0 0 0 0 0 0 0 0 0 0 0 0 0 0 0 0 0 0 0 0 0 0 0 0 0 0 0 0 0 0 0 0 0 0 0 0 0 0 0 0 0 0 0 0 0 0 0 0 0 0 0 0 0 0 0 0 0 0 0 0 0 0 0 0 0 0 0 0 0 0 0 0 0 0 0 0 0 0 0 0 0 0 0 0 0 0 0 0 0 0 0 0 0 0 0 0 0 0 0 0 0 0 0 0 0 0 0 0 0 0 0 0 0 0 0 0 0 0 0 0 0 0 0 0 0 0 0 0 0 0 0 0 0 0 0 0 0 0 0 0 0 0 0 0 0 0 0
0 0 0 5 5 5 5 5 5 5 5 5 5 5 5 5 5 5 5 5 5 5 5 5 5 5 5 5 5 5 5 5 5 5 5 5 5 5 5 5 5 5 5 5 5 5 5 5 5 5 5 5 5 5 5 5 5 5 5 5 5 5 5 5 5 5 5 5 5 5 5 5 5 5 5 5 5 5 5 5 5 5 5 5 5 5 5 5 5 5 5 5 5 5 5 5 5 5 5 5 5 5 5 5 5 5 5 5 5 5 5 5 5 5 5 5 5 5 5 5 5 5 5 5 5 5 5 5 5 5 5 5 5 5 5 5 5 5 5 5 5 5 5 5 5 5 5 5 5 5 5 5 5 5 5 5 5 5 5 5 5 5 5 5 5 5 5 5 5 5 5 5 5 5 5 5 5 5 5 5 5 5 5 5 5 5 5 5 5 0 0 0
0 0 0 5 0 1 2 0 3 4 0 0 10 2 0 2 0 0 1 0 0 0 0 0 0 0 0 0 0 0 0 0 0 0 0 0 0 0 0 0 0 0 0 0 0 0 0 0 0 0 0 0 0 0 0 0 0 0 0 0 1 0 0 0 0 0 0 0 0 0 0 0 0 0 0 0 0 0 0 0 0 0 0 0 0 0 0 0 0 0 0 0 10 2 0 2 11 0 0 0 0 4 4 1 0 0 0 0 0 0 0 0 0 0 0 4 0 0 0 0 0 0 0 0 0 0 0 0 0 0 0 0 0 0 0 0 0 0 0 0 0 0 0 0 0 0 0 0 0 0 0 0 0 0 0 0 0 0 0 0 0 0 0 0 0 0 0 0 0 0 0 0 0 0 1 13 3 0 0 0 0 12 0 0 0 0 0 0 5 0 0 0
0 0 0 5 1 2 0 13 0 0 0 0 4 0 11 0 0 11 10 0 0 0 0 0 0 0 0 0 10 2 0 2 0 0 0 0 0 0 0 0 0 0 0 0 0 0 0 0 0 0 0 0 0 0 0 0 0 0 0 0 0 0 0 0 0 0 0 0 0 0 0 0 0 0 0 0 0 0 0 0 0 0 0 0 0 0 0 0 0 0 0 0 4 0 11 0 3 4 2 0 0 4 4 0 0 0 0 0 0 0 0 0 0 0 0 0 0 0 0 0 0 0 0 0 0 0 0 10 0 0 0 0 0 0 0 0 0 0 0 0 0 0 0 0 0 0 0 0 0 0 0 0 0 2 0 0 0 0 0 0 0 0 0 0 0 0 0 0 0 0 0 0 0 0 3 0 3 0 0 0 0 0 0 0 0 0 0 0 5 0 0 0
0 0 0 5 0 0 1 0 2 0 3 0 0 0 0 3 4 1 0 0 0 0 0 0 0 0 0 0 4 0 11 0 0 0 0 0 0 0 0 0 0 0 0 0 0 0 0 0 0 0 0 0 0 0 0 0 0 0 0 0 0 0 0 0 0 0 0 0 0 0 0 0 11 0 0 0 0 0 0 0 0 0 0 0 2 0 0 0 0 0 0 0 0 0 0 3 2 0 0 0 0 0 3 4 0 0 0 0 0 0 0 0 0 0 0 0 0 0 0 0 0 0 0 0 11 0 0 0 0 0 0 0 0 0 0 0 0 0 0 0 0 0 0 0 0 0 0 0 0 0 0 0 0 0 0 0 0 0 0 0 0 0 0 0 0 0 0 0 0 0 0 0 0 0 0 0 0 4 0 13 0 0 0 0 0 0 0 0 5 0 0 0
0 0 0 5 3 0 2 0 1 0 2 0 3 0 4 0 2 3 0 0 0 0 0 0 0 0 0 0 0 0 0 3 0 0 0 0 0 0 0 0 0 0 0 0 0 0 0 0 0 0 0 0 0 0 0 0 0 0 0 0 0 0 0 0 0 0 0 1 0 0 0 0 0 0 0 0 0 0 0 0 0 0 0 0 0 0 0 0 0 0 0 0 3 0 4 0 0 0 0 0 0 0 3 4 0 0 0 0 4 0 0 0 0 0 0 0 0 0 0 0 0 0 0 0 0 0 0 0 0 0 0 0 0 0 0 0 0 0 0 0 0 0 0 0 0 0 0 0 0 0 0 0 0 0 0 0 0 0 0 0 0 0 0 0 0 0 0 0 0 0 0 11 0 0 0 0 0 0 0 0 0 0 0 0 0 0 0 0 5 0 0 0
0 0 0 5 4 0 3 0 11 0 0 2 0 0 0 0 0 0 13 0 0 0 0 0 0 1 0 0 3 0 4 0 0 0 1 2 0 3 4 0 0 10 2 0 2 0 0 1 0 0 0 0 0 11 10 0 0 0 0 0 0 0 11 0 0 0 0 0 0 1 0 0 0 0 0 0 0 0 0 0 0 0 0 0 0 0 0 0 0 0 0 0 0 0 0 0 0 0 0 0 0 0 0 0 0 0 0 0 4 0 0 0 0 0 0 0 0 0 0 0 0 0 0 0 0 0 0 0 0 0 0 0 0 0 0 0 0 0 0 0 0 0 0 0 0 3 0 0 0 0 0 0 0 0 0 0 12 0 0 0 0 0 0 0 0 0 0 0 0 0 0 0 0 0 0 0 0 0 0 0 0 0 0 0 0 0 0 0 5 0 0 0
0 0 0 5 1 0 4 2 3 4 2 0 0 2 0 11 0 0 1 0 0 0 0 3 0 11 0 0 0 0 0 0 0 0 0 0 13 0 0 0 0 4 0 11 0 0 11 10 0 0 0 0 0 1 0 0 0 0 0 0 0 0 0 0 0 0 0 0 0 4 0 0 0 0 0 2 0 0 0 0 0 0 2 0 0 0 0 0 0 0 0 0 0 2 0 11 0 0 0 0 0 0 0 0 0 0 0 0 1 0 0 12 0 0 0 0 0 0 0 0 0 0 0 0 0 0 0 12 0 0 0 0 0 0 0 0 0 0 0 0 0 0 1 0 0 0 0 0 0 0 0 0 0 0 0 0 0 0 0 0 0 0 0 0 0 0 0 0 0 1 2 0 0 0 0 0 0 0 0 0 0 0 0 0 11 0 0 0 5 0 0 0
0 0 0 5 0 0 0 0 2 0 0 0 0 0 0 0 0 0 1 0 0 0 0 4 2 3 4 2 0 0 0 10 2 0 2 1 0 2 0 3 0 0 0 0 3 4 1 0 0 0 0 0 0 3 0 0 0 0 0 0 0 0 0 0 0 0 0 0 0 0 0 0 0 0 0 0 0 0 1 0 0 0 0 0 0 0 0 0 0 0 0 0 0 0 0 0 0 0 0 0 0 0 0 0 0 0 0 0 0 0 0 0 0 0 0 0 0 0 0 0 0 0 0 0 0 0 0 0 0 0 0 0 0 0 0 0 0 0 0 0 0 4 4 0 0 0 0 0 0 0 0 0 0 0 0 4 0 0 0 0 0 0 0 0 0 0 0 0 0 1 2 1 10 0 0 0 0 2 0 0 0 0 0 0 0 0 0 0 5 0 0 0
0 0 0 5 0 0 0 0 0 0 0 0 0 0 0 0 0 0 0 0 0 0 0 0 0 2 0 0 0 0 0 4 0 11 0 2 0 1 0 2 0 3 0 4 0 2 3 0 0 0 0 0 0 0 13 0 0 0 0 0 0 0 0 0 0 0 0 12 0 0 0 2 0 0 0 0 0 0 0 0 0 0 0 0 2 0 0 0 0 0 0 0 0 0 0 0 0 0 0 0 0 0 0 0 0 0 0 0 4 0 0 0 0 0 0 0 0 0 0 0 0 0 0 0 0 0 0 0 0 0 0 0 0 0 0 0 0 0 0 0 0 0 1 0 0 0 0 0 0 0 1 0 0 0 0 0 0 0 0 0 0 0 0 0 0 0 0 0 0 0 0 0 0 0 0 0 1 0 0 0 0 0 1 2 0 0 0 0 5 0 0 0
0 0 0 5 0 1 2 0 3 4 0 0 10 2 0 2 0 0 1 0 0 0 0 0 0 0 0 0 0 0 0 0 0 0 3 3 0 11 0 0 2 0 0 0 0 0 0 13 0 0 0 0 0 0 1 0 0 0 0 0 0 0 0 0 0 0 0 0 0 0 0 0 0 0 0 0 0 0 0 0 0 0 0 0 0 0 0 0 0 0 0 0 0 0 0 0 0 0 0 0 0 0 0 0 0 0 0 0 0 0 0 0 0 0 0 0 0 0 0 0 0 12 2 0 0 0 0 0 0 0 0 0 0 0 0 0 0 0 0 0 0 0 4 0 0 0 0 0 0 0 0 0 0 0 0 0 0 0 0 0 0 0 0 0 0 0 0 0 0 1 4 0 3 0 0 0 0 0 0 0 0 0 1 2 1 10 0 0 5 0 0 0
0 0 0 5 0 2 0 13 0 0 0 0 4 0 11 0 0 11 10 0 0 0 1 2 0 3 4 0 0 0 0 3 0 4 0 4 2 3 4 2 0 0 2 0 11 0 0 1 0 0 0 0 0 0 1 0 0 0 0 0 0 2 0 0 0 0 0 0 0 0 0 2 0 0 0 0 0 0 0 0 0 0 0 0 0 0 0 0 0 0 0 0 2 0 2 0 0 1 0 0 0 0 0 0 0 2 0 0 0 0 0 0 0 0 0 0 0 0 0 0 0 0 4 4 1 4 0 0 0 0 0 0 0 0 0 0 0 0 0 0 12 2 4 0 0 0 0 0 0 0 0 0 0 0 0 0 0 0 0 0 0 0 0 0 0 0 0 0 0 1 4 0 3 0 0 0 0 0 2 0 0 0 0 0 0 0 0 0 5 0 0 0
0 0 0 5 0 0 1 0 2 0 3 0 0 0 0 3 4 1 0 0 0 0 2 0 13 0 0 0 0 0 0 0 0 0 0 0 0 2 0 0 0 0 0 0 0 0 0 1 0 0 0 0 0 0 0 0 0 0 0 0 0 0 0 0 0 0 0 1 0 0 0 0 0 0 0 0 2 0 2 0 0 1 0 0 0 0 0 0 0 0 0 0 0 11 0 0 11 10 0 0 0 0 0 0 0 0 0 0 0 0 0 0 0 0 0 0 0 0 0 0 0 4 4 4 0 4 0 0 0 0 0 0 0 0 0 0 0 0 0 0 0 0 0 0 0 0 0 0 0 0 0 0 0 0 0 0 4 4 4 0 3 1 0 0 0 0 0 0 0 1 13 3 0 0 0 0 0 0 0 0 0 0 1 4 0 3 0 0 5 0 0 0
0 0 0 5 0 0 2 0 1 0 2 0 3 0 4 0 2 3 0 0 0 0 0 1 0 2 0 3 0 0 0 0 0 0 0 0 0 0 0 0 0 0 0 0 0 0 0 0 0 0 0 0 0 0 0 0 0 0 0 0 0 2 0 0 0 0 0 0 0 0 0 0 0 0 0 0 0 11 0 0 11 10 0 0 0 0 0 0 0 0 0 0 0 0 3 4 1 0 0 0 0 0 0 0 0 0 0 0 0 0 0 0 0 1 0 0 0 0 0 0 0 4 0 3 4 1 0 0 0 0 0 0 0 0 0 0 0 0 0 0 0 0 0 0 0 0 0 0 0 0 0 0 4 4 4 0 3 1 0 0 0 4 4 0 0 0 0 0 0 3 0 3 0 0 0 0 0 0 0 0 0 0 1 4 0 3 0 0 5 0 0 0
0 0 0 5 0 0 3 0 11 0 0 2 0 0 0 0 0 0 13 0 0 0 0 2 0 1 0 2 0 0 0 0 0 0 0 0 0 0 0 0 0 0 0 0 0 1 0 0 0 0 0 0 0 0 0 0 0 0 0 0 0 0 0 0 0 0 0 0 0 0 0 0 0 0 0 0 0 0 3 4 1 0 0 0 0 0 0 0 0 0 2 0 0 4 0 2 3 0 0 0 0 0 0 0 0 0 0 0 0 0 0 0 0 0 0 0 0 3 0 10 0 3 0 3 4 0 0 0 0 0 0 0 0 0 0 0 0 0 0 0 0 0 0 0 0 0 0 0 4 4 4 0 3 1 0 0 0 4 4 4 4 1 0 0 0 0 0 0 0 0 0 0 0 0 0 0 0 0 0 0 0 0 0 0 0 0 0 0 5 0 0 0
0 0 0 5 0 0 4 2 3 4 2 0 0 2 0 11 0 0 1 0 0 0 0 3 0 11 0 0 0 0 0 0 0 0 0 0 0 0 0 0 0 0 0 0 0 0 0 0 0 0 0 0 0 0 0 0 0 0 0 0 0 0 0 0 0 0 0 0 0 0 0 0 0 0 0 0 0 4 0 2 3 0 0 0 0 0 1 0 0 0 0 0 0 0 0 0 0 13 0 0 0 0 0 0 0 0 0 0 0 0 0 0 0 0 0 0 0 0 0 4 0 3 4 0 0 4 0 0 0 0 0 0 0 0 0 0 0 0 0 0 0 0 0 0 0 0 0 4 4 0 3 0 0 4 4 4 4 1 0 4 2 4 0 0 0 0 0 0 0 0 11 0 0 0 0 1 4 0 3 0 0 0 0 0 0 0 0 0 5 0 0 0
0 0 0 5 0 0 0 0 2 0 0 0 0 0 0 0 0 0 1 0 0 0 0 4 2 3 4 2 0 2 0 0 0 0 0 0 0 0 0 0 0 0 0 0 0 0 0 0 0 0 0 0 0 0 0 0 0 0 0 0 0 0 0 0 10 2 0 2 0 0 1 0 0 0 0 11 2 0 0 0 0 0 0 13 0 0 0 0 0 0 0 0 2 0 11 0 0 1 0 0 0 0 0 0 0 0 0 0 2 0 0 0 0 0 0 0 0 2 0 0 0 0 0 0 0 0 0 0 0 0 0 0 0 0 0 0 0 0 0 0 0 0 4 4 4 0 3 1 0 0 3 4 4 1 0 4 2 4 0 0 0 0 0 0 0 0 0 0 0 0 0 0 0 0 0 1 4 0 3 0 0 0 0 0 0 0 0 0 5 0 0 0
0 0 0 5 0 0 0 0 0 0 0 0 0 0 0 0 0 0 0 13 0 0 0 0 0 0 0 0 0 0 0 0 0 0 0 0 0 0 0 0 0 0 0 0 0 0 0 0 0 0 0 0 0 0 0 0 0 0 0 0 0 0 0 0 4 0 11 0 0 11 10 0 0 0 0 0 0 0 2 0 11 0 0 1 0 0 0 0 0 0 0 0 0 0 0 0 0 1 0 0 11 10 4 0 0 3 0 0 4 4 1 0 0 0 0 0 0 1 0 3 0 0 0 0 0 0 0 0 0 0 0 0 0 0 0 0 0 0 0 0 0 4 4 0 3 0 0 4 4 4 0 4 2 4 0 0 0 0 0 0 0 0 0 0 0 0 0 0 0 0 0 0 0 0 0 1 13 3 0 0 0 0 12 0 0 0 0 0 5 0 0 0
0 0 0 5 0 0 0 0 0 0 0 0 0 0 0 0 0 0 0 0 2 0 3 0 0 0 0 0 0 0 0 10 2 0 2 0 0 1 0 0 0 0 0 0 0 0 0 0 0 0 0 0 0 0 0 0 0 0 0 0 1 0 0 0 0 0 0 3 4 1 0 0 0 0 0 0 0 0 0 0 0 0 0 1 0 0 0 0 0 0 0 0 0 0 13 0 0 0 0 4 0 11 0 3 4 2 0 0 4 4 0 0 0 0 0 0 0 11 0 0 0 0 0 0 0 0 0 0 0 0 0 0 0 0 0 0 0 0 0 0 0 4 3 0 3 4 4 1 0 4 0 0 0 0 0 0 0 0 0 0 4 0 0 0 0 0 0 0 0 0 0 0 0 0 0 0 11 0 0 0 0 0 0 0 0 0 0 0 5 0 0 0
0 0 0 5 0 0 0 0 0 0 0 0 0 0 0 0 0 0 0 0 1 0 2 0 0 0 0 11 0 0 0 4 0 11 0 0 11 10 0 0 0 0 0 0 0 0 0 0 0 0 0 4 0 0 0 0 0 0 0 0 0 0 0 0 0 0 0 0 0 0 0 0 0 0 0 0 0 0 0 0 0 0 0 0 0 0 2 0 0 1 0 0 0 1 0 2 0 3 0 0 0 0 3 2 0 0 0 0 0 3 4 0 0 0 0 0 0 3 4 2 3 0 10 0 0 0 0 0 0 0 0 0 0 0 0 0 0 0 0 0 0 1 3 4 0 4 2 4 0 0 0 0 0 0 0 0 4 0 0 4 1 0 0 0 0 0 0 0 0 0 0 0 0 0 0 0 0 0 0 0 0 0 0 0 0 0 0 0 5 0 0 0
0 0 0 5 0 0 0 0 0 0 0 0 0 0 0 0 0 0 0 0 11 0 0 0 0 0 0 0 0 0 0 0 0 0 3 4 1 0 0 0 0 0 0 0 0 0 0 0 0 0 0 0 0 0 13 0 0 0 0 0 0 0 0 0 0 0 0 0 0 0 0 0 2 0 0 0 0 0 0 0 0 0 0 0 0 11 0 0 11 10 0 0 0 2 0 1 0 2 0 3 0 4 0 0 0 0 0 0 0 3 4 0 0 0 0 0 0 2 0 0 0 0 4 0 0 0 0 0 0 0 0 0 0 0 3 0 10 0 0 0 0 0 0 4 0 0 0 0 0 0 0 0 4 0 0 4 1 0 0 4 0 0 0 0 0 0 0 0 0 0 0 0 0 0 1 2 0 0 0 0 0 0 0 0 0 0 0 0 5 0 0 0
0 0 0 5 0 0 0 0 0 0 0 0 0 0 0 0 0 0 0 2 3 4 2 0 1 0 0 0 0 0 0 3 0 4 0 2 3 0 0 0 0 0 0 0 0 11 10 0 0 0 0 0 0 0 1 0 0 0 0 0 0 0 0 0 0 0 0 0 2 0 0 0 0 0 0 0 0 0 0 0 0 0 0 0 0 0 3 4 1 0 0 0 0 3 0 11 0 0 2 0 0 0 0 0 0 0 0 0 0 0 0 0 0 0 0 0 0 0 0 0 2 0 0 0 0 0 0 0 0 0 0 0 0 0 0 0 4 0 0 0 0 4 0 0 0 0 0 0 0 12 2 4 1 0 0 4 0 0 0 0 4 0 0 0 0 0 0 0 0 0 0 0 0 0 1 2 1 10 0 0 0 0 0 0 3 0 0 0 5 0 0 0
0 0 0 5 1 0 0 0 0 0 0 0 0 1 0 0 0 0 0 0 0 0 0 0 4 0 0 0 0 0 2 0 0 0 0 0 0 13 0 0 0 0 0 0 0 1 0 0 0 0 0 0 0 0 1 0 0 0 0 0 0 0 0 0 0 0 0 0 0 0 0 0 0 0 0 0 0 0 0 0 0 0 0 0 0 4 0 2 3 0 0 0 0 4 2 3 4 2 0 0 2 0 11 0 0 0 0 0 0 0 0 0 0 0 0 0 2 0 0 0 1 0 3 0 0 2 0 0 0 0 0 0 0 0 2 0 0 0 0 0 0 1 11 0 0 0 4 0 0 0 4 4 0 0 0 0 4 0 0 3 1 0 0 0 0 0 0 0 0 0 0 0 0 2 0 0 0 0 0 0 0 0 0 0 0 0 0 0 5 0 0 0
0 0 0 5 0 0 1 0 0 0 0 0 0 0 0 1 0 0 0 0 0 0 0 0 0 0 0 0 0 0 0 0 2 0 11 0 0 1 0 0 0 0 0 0 0 3 0 0 0 0 0 0 0 0 0 0 0 0 0 0 0 0 0 0 0 0 0 0 0 0 0 0 0 0 0 0 0 0 0 0 0 0 0 0 3 0 0 0 0 0 0 13 0 0 0 2 0 0 0 0 0 0 0 0 0 0 0 0 0 0 0 0 0 0 0 0 0 0 0 0 11 0 0 0 0 4 4 1 0 0 0 0 0 0 1 0 3 0 0 0 0 4 12 12 2 4 1 0 0 4 4 0 4 0 0 3 1 0 0 0 4 0 0 0 0 0 0 0 0 0 0 0 0 0 1 4 0 3 0 0 0 0 0 0 0 0 0 0 5 0 0 0
0 0 0 5 0 0 4 0 0 0 0 0 0 0 0 4 0 0 0 0 0 0 11 0 0 0 2 0 0 0 0 0 0 0 0 0 0 1 0 0 0 0 0 0 0 0 13 0 0 0 0 0 0 0 0 0 0 0 0 0 0 0 0 0 0 0 11 0 0 0 0 0 0 0 0 0 0 0 0 0 0 0 0 0 4 0 2 0 11 0 0 1 0 0 0 0 0 0 0 0 0 0 0 0 0 0 0 0 0 0 0 0 0 0 0 0 0 0 0 0 3 4 2 0 0 4 4 0 0 0 0 0 0 0 11 0 0 0 0 0 0 1 0 0 4 4 0 0 0 4 0 3 1 0 0 0 4 0 0 4 1 0 0 0 0 0 0 0 0 0 0 0 0 0 1 4 0 3 0 0 0 0 0 0 0 0 0 0 5 0 0 0
0 0 0 5 0 0 0 0 0 0 0 0 0 0 0 0 0 0 0 0 0 0 0 0 0 0 0 0 0 0 0 0 0 0 0 0 0 0 0 0 0 0 0 0 1 0 1 0 0 0 0 0 0 0 0 0 0 0 0 0 0 1 0 0 0 0 0 0 0 0 0 1 0 0 0 0 0 0 0 0 0 0 0 0 0 0 0 0 0 0 0 1 0 0 0 0 0 0 0 0 0 0 0 0 0 0 0 0 0 0 0 0 0 0 0 0 0 0 0 0 2 0 0 0 0 0 3 4 0 0 0 0 0 0 3 4 2 0 0 0 0 4 0 4 4 0 4 0 0 3 0 0 4 0 0 4 1 0 0 0 0 0 0 0 0 0 0 0 0 0 0 0 0 0 1 13 3 0 0 0 0 12 0 0 0 0 0 0 5 0 0 0
0 0 0 5 12 0 0 0 2 0 0 0 0 12 0 0 0 2 0 0 0 0 0 0 0 0 2 0 0 0 0 0 0 0 0 0 0 0 0 0 0 0 0 0 0 0 1 0 0 0 0 0 0 0 0 0 11 0 0 0 0 0 0 1 0 0 0 0 0 0 11 10 0 0 0 0 0 0 0 0 0 0 0 0 0 0 0 0 0 0 0 0 0 0 3 4 0 0 10 2 0 2 0 0 1 0 0 0 0 0 0 0 0 0 0 0 0 0 0 0 0 0 0 0 0 0 3 4 0 0 0 0 0 0 2 0 0 0 0 0 0 0 0 4 0 3 1 0 0 3 4 4 1 0 0 0 0 4 0 0 0 0 0 0 0 0 0 0 0 0 0 0 0 0 3 0 3 0 0 0 0 0 0 13 0 0 0 0 5 0 0 0
0 0 0 5 0 0 0 0 0 0 0 0 0 0 0 0 0 0 0 0 0 0 1 0 0 0 0 0 0 0 0 0 0 0 0 0 0 0 0 0 0 0 0 0 0 0 0 0 0 0 0 1 0 0 0 0 0 0 0 0 0 0 0 4 0 0 0 0 0 2 1 0 0 0 0 0 13 0 1 0 0 0 0 0 0 0 0 0 0 0 0 0 0 13 0 0 0 0 4 0 11 0 0 11 10 0 0 0 0 0 0 0 0 0 0 0 0 0 0 2 0 0 0 0 0 0 0 0 0 0 0 0 0 0 0 0 0 1 4 0 0 0 0 3 0 0 4 0 0 4 0 4 4 0 4 0 0 0 0 0 0 0 0 0 0 0 0 0 0 0 0 0 0 0 0 0 0 4 0 13 0 0 0 0 0 0 0 0 5 0 0 0
0 0 0 5 0 0 0 0 2 0 0 0 0 0 0 0 0 2 0 0 0 0 0 0 0 0 0 0 0 0 0 0 2 0 0 0 0 0 0 0 0 0 0 0 0 0 0 0 0 0 0 0 0 1 0 0 0 0 0 0 0 0 0 0 0 0 0 0 0 0 3 0 0 0 0 1 0 2 0 0 0 0 0 0 0 0 0 0 0 0 0 0 0 0 2 0 3 0 0 0 0 3 4 1 0 0 0 0 0 0 0 0 0 0 0 0 0 0 0 0 0 0 0 0 0 0 0 0 0 0 0 0 0 2 0 0 0 0 4 0 4 0 0 3 4 4 1 0 0 0 0 4 0 3 1 0 0 0 0 0 0 0 0 0 0 0 0 0 0 0 0 11 0 0 0 0 0 0 0 0 0 0 0 0 0 0 0 0 5 0 0 0
0 0 0 5 1 0 0 0 0 0 0 0 0 1 0 0 0 0 0 0 0 0 0 0 0 0 0 0 0 0 0 0 0 0 0 0 0 0 0 0 0 0 0 0 0 0 0 0 0 0 0 0 0 4 0 0 0 0 0 0 0 12 0 0 0 2 0 0 0 0 0 0 0 13 0 2 0 1 3 4 2 13 0 0 0 0 0 0 0 0 0 0 0 0 1 0 2 0 3 0 4 0 2 3 0 0 0 0 0 0 0 0 0 0 0 0 0 0 0 0 0 0 0 0 0 0 0 0 0 0 0 0 0 0 0 0 0 4 1 4 4 3 0 3 4 4 1 0 3 0 0 3 0 0 4 0 0 0 0 0 0 0 0 0 0 0 0 0 0 0 0 0 0 0 0 0 0 0 0 0 0 0 0 0 0 0 0 0 5 0 0 0
0 0 0 5 0 0 0 0 0 0 0 0 0 0 0 0 0 0 0 0 0 0 0 0 0 0 0 0 0 0 0 0 0 0 0 0 0 0 0 0 0 0 0 0 0 0 0 0 0 0 0 0 0 0 0 0 0 0 0 0 0 0 0 0 0 0 0 0 0 0 11 0 0 1 0 4 1 0 0 0 0 0 2 0 0 0 0 0 0 0 0 0 3 0 11 0 0 2 0 0 0 0 0 0 13 0 0 0 0 0 0 0 0 0 0 0 0 0 0 0 0 0 0 0 0 0 0 0 0 0 0 0 0 0 4 4 4 0 3 1 0 3 4 0 4 2 4 0 0 0 0 3 4 4 1 0 0 0 0 0 0 0 0 0 0 0 0 0 0 1 2 0 0 0 0 0 0 0 0 0 0 0 0 0 11 0 0 0 5 0 0 0
0 0 0 5 0 0 0 0 0 0 0 0 0 0 0 0 0 0 0 10 2 0 2 0 0 1 0 0 0 0 11 0 0 0 0 0 0 1 0 0 0 0 0 0 0 0 0 0 0 0 0 12 0 0 0 2 0 0 0 0 0 0 0 0 0 2 0 0 0 0 0 0 0 0 0 0 0 0 0 0 0 0 0 0 0 0 0 0 0 0 0 0 4 2 3 4 2 0 0 2 0 11 0 0 1 0 0 0 0 0 0 0 0 0 0 0 0 0 0 0 0 0 0 0 0 0 0 0 0 0 0 1 4 4 4 0 3 0 0 4 4 0 4 0 0 0 0 0 0 1 4 1 0 0 4 4 0 0 0 0 0 0 0 0 0 0 0 0 0 1 2 1 10 0 0 0 0 0 0 0 0 0 0 0 0 0 0 0 5 0 0 0
0 0 0 5 0 0 0 0 0 0 0 0 0 0 0 0 0 0 0 4 0 11 0 0 11 10 0 0 0 0 0 0 0 0 0 0 0 0 0 1 0 0 0 0 0 0 0 0 0 0 0 0 0 0 0 0 0 0 0 0 0 1 0 0 0 0 0 0 0 0 0 3 0 10 2 0 2 0 0 1 0 0 0 0 0 0 0 0 0 0 0 0 0 0 2 0 0 0 0 0 0 0 0 0 1 0 0 11 10 4 0 0 3 0 0 0 0 0 0 0 0 0 0 0 0 12 2 0 0 0 0 0 4 4 3 0 3 4 4 1 0 0 0 0 0 0 0 0 11 0 1 4 0 4 4 0 4 0 0 0 0 0 0 0 0 0 0 0 0 0 0 0 0 0 0 0 0 0 0 0 0 0 1 2 0 0 0 0 5 0 0 0
0 0 0 5 0 0 0 0 0 0 0 0 0 0 0 0 0 0 0 0 0 0 3 4 1 0 0 0 0 0 0 0 0 0 0 0 0 0 0 4 0 0 0 0 0 0 0 0 0 0 0 0 0 0 0 2 0 0 0 0 0 0 0 0 0 0 0 0 0 0 0 0 0 4 0 11 0 0 11 10 0 0 0 0 0 0 0 0 0 0 0 0 0 0 0 0 0 0 0 0 11 10 4 0 0 3 0 4 13 3 11 0 2 2 0 0 0 0 0 0 0 0 0 0 0 0 4 4 1 4 0 4 1 1 3 4 0 4 2 4 0 11 0 0 0 4 0 0 0 4 4 0 0 4 0 3 1 0 0 0 0 0 0 0 0 0 0 0 0 1 4 0 3 0 0 0 0 0 0 0 0 0 1 2 1 10 0 0 5 0 0 0
0 0 0 5 0 0 0 0 0 0 0 0 0 0 0 0 0 0 0 3 0 4 0 2 3 0 0 0 0 0 0 0 0 0 0 0 0 0 0 0 0 0 0 0 0 0 0 0 0 0 0 1 0 0 0 0 0 0 0 0 0 0 0 0 0 0 0 0 0 0 0 2 0 0 0 0 3 4 1 0 0 0 0 0 13 0 1 0 0 0 0 0 0 0 0 0 0 0 0 0 4 13 3 11 0 2 2 0 0 0 0 11 2 0 0 0 0 0 0 0 0 0 0 0 0 4 4 4 0 4 0 4 0 0 0 4 0 0 0 0 0 12 12 2 4 1 0 0 0 1 1 0 0 3 0 0 4 0 0 0 0 0 0 0 0 0 0 0 0 1 4 0 3 0 0 0 0 0 2 0 0 0 0 0 0 0 0 0 5 0 0 0
0 0 0 5 2 0 4 4 0 0 0 0 0 2 0 4 4 0 2 0 0 0 0 0 0 13 0 0 0 0 0 0 0 0 0 0 0 12 0 0 0 2 0 0 0 0 13 0 0 0 0 0 0 0 0 0 0 0 0 0 0 0 0 0 0 0 0 0 0 0 0 1 0 3 0 4 0 2 3 0 0 0 0 1 0 2 0 0 0 0 0 0 0 0 0 0 0 0 0 0 0 0 0 0 11 2 0 10 1 4 3 4 0 0 0 0 0 0 1 2 4 0 0 12 0 4 0 3 4 1 4 0 4 4 0 0 0 0 0 0 0 0 0 4 4 0 0 0 0 0 0 0 0 3 4 4 1 0 0 0 0 0 0 0 0 0 0 0 0 1 13 3 0 0 0 0 0 0 0 0 0 0 1 4 0 3 0 0 5 0 0 0
0 0 0 5 0 0 0 0 0 0 0 0 0 0 0 0 0 0 0 0 2 0 11 0 0 1 0 0 0 2 0 0 0 0 0 0 0 0 0 0 0 0 0 0 0 0 1 0 0 0 0 0 0 0 0 0 0 0 10 2 0 2 0 0 1 0 0 0 0 11 0 11 0 0 2 0 0 0 0 0 0 13 0 2 0 1 3 4 2 13 0 0 0 13 0 0 0 0 0 0 10 1 4 3 4 0 0 1 2 4 0 0 12 4 0 0 1 2 4 0 0 12 2 0 0 3 0 3 4 0 4 3 1 1 11 0 0 0 4 0 0 0 4 4 0 4 0 0 0 0 0 0 0 0 0 0 0 0 0 0 0 0 0 0 0 0 0 0 0 3 0 3 0 0 0 0 0 0 0 0 0 0 1 4 0 3 0 0 5 0 0 0
0 0 0 5 0 0 0 0 0 0 0 0 0 0 0 0 0 0 0 0 0 0 0 0 0 1 0 0 0 0 0 0 0 0 0 0 0 0 0 0 0 2 0 0 0 0 1 0 0 0 0 0 0 0 0 0 0 0 4 0 11 0 0 11 10 0 0 0 0 0 0 3 4 2 0 0 2 0 11 0 0 1 0 4 1 0 0 0 0 0 2 0 0 0 2 0 0 0 0 0 1 2 4 0 0 12 4 0 0 3 11 2 0 0 0 4 0 0 3 11 2 0 4 4 1 3 4 0 0 4 4 0 4 4 12 12 2 4 1 0 0 0 4 0 3 1 0 0 0 0 0 0 0 0 0 0 0 0 0 0 0 0 0 0 0 0 0 0 0 0 0 0 4 0 0 0 0 4 0 0 0 0 1 13 3 0 0 0 5 0 0 0
0 0 0 5 0 0 3 0 0 0 0 11 0 0 0 3 0 0 0 0 0 0 0 0 0 0 0 0 0 2 0 0 0 1 0 0 0 1 0 0 0 0 0 0 2 0 3 0 10 2 0 2 0 0 1 0 0 0 0 0 0 3 4 1 0 0 0 0 0 0 0 2 0 0 0 0 0 0 0 0 0 1 0 2 0 3 2 0 2 0 1 0 2 0 1 0 0 0 0 0 0 0 3 11 2 0 0 1 4 0 4 4 4 1 0 0 1 4 0 4 4 4 4 4 0 0 4 0 3 1 0 4 1 1 0 0 4 4 0 0 0 4 4 0 3 1 0 4 0 3 1 0 0 0 0 0 0 0 0 0 0 0 0 0 0 0 0 0 0 0 0 0 0 0 0 0 0 0 0 0 0 0 3 0 3 0 0 0 5 0 0 0
0 0 0 5 0 1 0 0 0 0 0 0 0 0 1 0 0 0 0 0 0 0 0 0 0 0 0 0 0 0 0 0 0 13 0 0 0 0 0 0 0 0 0 0 0 13 0 0 4 0 11 0 0 11 10 0 0 0 3 0 4 0 2 3 0 0 0 0 0 0 0 0 0 0 0 0 0 0 0 0 0 0 0 0 13 0 0 0 2 4 0 0 0 4 0 0 0 0 0 0 1 4 0 4 4 4 1 0 4 0 0 4 4 0 0 1 0 4 0 0 4 4 0 3 4 0 0 11 0 4 4 2 4 4 0 4 4 0 4 0 0 0 3 0 0 4 4 3 0 0 4 4 0 0 0 0 0 0 0 0 0 0 0 0 0 0 0 0 0 1 4 0 3 0 0 0 0 0 0 0 0 0 1 2 1 10 0 0 5 0 0 0
0 0 0 5 0 0 0 0 0 0 1 0 0 0 0 0 0 0 0 0 0 0 0 0 0 0 0 0 0 0 0 10 0 0 0 0 0 0 0 0 0 0 0 0 1 0 2 0 0 0 0 3 4 1 0 0 0 0 0 2 0 0 0 0 0 0 13 0 0 0 0 0 0 0 0 0 0 0 0 0 0 0 0 1 0 2 0 2 0 0 0 4 3 0 0 4 0 0 0 0 0 4 0 0 4 4 0 4 1 4 2 0 3 10 0 0 4 1 4 2 0 3 0 3 4 11 0 12 4 1 10 0 3 0 0 4 0 3 1 0 0 0 3 4 4 1 0 3 4 4 1 0 0 0 0 0 0 0 0 0 0 0 0 0 0 0 0 0 0 1 4 0 3 0 0 0 0 0 2 0 0 0 0 0 0 0 0 0 5 0 0 0
0 0 0 5 0 0 0 0 0 0 0 0 0 0 0 0 0 0 0 0 2 0 0 0 0 0 0 0 0 0 0 0 0 0 0 0 0 0 0 0 0 0 0 0 2 0 1 0 3 0 4 0 2 3 0 0 0 4 2 0 0 2 0 11 0 0 1 0 0 0 0 0 0 0 0 0 0 0 0 0 0 0 0 2 0 1 0 0 0 0 0 0 0 2 3 0 0 0 0 0 4 1 4 2 0 3 10 4 0 4 2 0 3 0 0 10 4 0 4 2 0 3 4 0 0 12 2 0 2 4 0 1 0 0 0 3 0 0 4 0 0 4 0 4 2 4 0 0 4 2 4 0 0 0 0 0 0 0 0 0 0 0 0 0 0 0 0 0 0 1 13 3 0 0 0 0 0 0 0 0 0 0 1 4 0 3 0 0 5 0 0 0
0 0 0 5 0 3 0 0 2 0 0 0 0 0 3 0 0 2 0 0 0 0 0 0 0 0 0 0 0 0 0 0 0 0 0 0 0 12 0 0 0 0 0 0 3 0 11 0 0 2 0 0 0 0 0 0 13 0 0 0 0 0 0 0 0 0 1 0 0 0 0 0 0 0 0 0 0 0 0 0 0 0 0 4 1 0 0 0 2 4 3 0 0 0 0 13 0 0 10 0 4 0 4 2 0 3 0 0 4 0 4 4 0 2 11 0 0 4 0 4 4 0 4 0 3 0 0 0 0 3 11 4 0 0 0 3 4 4 1 0 0 4 0 0 0 0 0 0 0 0 0 0 0 0 0 0 0 0 0 0 0 0 0 0 0 0 0 0 0 3 0 3 0 0 0 0 0 0 0 0 0 0 1 4 0 3 0 0 5 0 0 0
0 0 0 5 0 0 0 0 0 0 0 0 0 0 0 0 0 0 0 0 0 0 0 0 0 0 0 0 0 0 0 0 0 0 0 0 0 0 0 0 0 0 0 0 4 2 3 4 2 0 0 2 0 11 0 0 1 0 0 0 0 0 0 0 0 0 0 0 0 0 0 0 0 0 0 0 0 0 1 13 0 2 1 10 1 0 4 2 0 0 4 1 0 0 0 1 0 0 10 0 0 4 0 4 4 0 2 0 4 0 4 4 0 2 4 2 0 4 0 4 4 0 0 11 0 4 4 0 0 0 0 3 11 0 0 0 0 0 0 4 0 0 0 0 0 0 0 0 0 0 0 0 0 0 0 0 0 0 0 0 0 0 0 0 0 0 0 0 0 0 0 0 4 0 0 0 0 4 0 0 0 0 1 13 3 0 0 0 5 0 0 0
0 0 0 5 0 0 0 0 0 0 0 0 0 0 0 0 0 0 0 0 0 0 0 0 0 0 0 0 0 0 0 0 0 0 0 0 0 2 0 4 4 0 0 0 0 0 2 0 0 0 0 0 0 0 0 0 1 0 0 0 0 0 0 0 0 0 0 0 0 0 0 0 0 0 0 0 0 0 0 0 4 1 10 4 0 0 0 0 0 0 10 1 0 11 0 1 0 0 0 0 0 4 11 4 4 0 2 2 0 1 0 0 11 4 0 2 2 0 1 0 0 11 0 12 4 1 10 1 1 0 0 0 2 2 0 0 0 0 0 1 11 0 0 0 4 0 0 0 0 4 0 0 0 0 0 0 0 0 0 0 0 0 0 0 0 0 0 0 0 0 0 0 0 0 0 0 0 0 0 0 0 0 3 0 3 0 0 0 5 0 0 0
0 0 0 5 0 0 0 0 0 0 0 0 0 0 0 0 0 0 0 0 0 0 0 0 0 0 0 0 0 0 0 0 0 0 0 0 0 0 0 0 0 0 0 0 0 0 0 0 0 0 0 0 0 0 0 0 0 0 0 0 0 0 0 0 0 0 0 0 0 0 0 0 0 0 4 2 0 3 0 0 10 1 1 4 4 3 0 4 0 3 4 0 0 2 4 11 12 2 3 0 2 0 1 0 0 11 4 2 0 1 12 0 12 4 2 4 2 0 1 12 0 12 2 0 2 4 0 0 12 1 0 1 4 2 0 0 0 0 0 4 12 12 2 4 1 0 0 2 4 1 0 0 0 0 0 0 0 0 0 0 0 0 0 0 0 0 0 0 0 0 0 0 0 0 0 0 0 0 0 0 0 0 0 0 0 0 0 0 5 0 0 0
0 0 0 5 0 12 0 0 0 0 0 0 0 0 12 0 0 0 0 0 2 0 0 1 0 0 0 0 0 0 0 2 0 0 0 0 0 0 0 0 0 0 0 0 0 0 0 0 0 0 0 0 0 0 0 0 0 0 0 0 0 0 0 0 0 0 0 0 0 2 0 0 3 0 0 1 0 0 0 13 4 0 1 13 2 10 0 0 1 0 4 4 3 4 10 1 2 4 4 3 2 0 1 12 0 12 4 4 0 3 0 2 0 13 4 4 4 0 3 0 2 0 0 0 0 3 11 2 0 0 0 0 4 4 0 0 0 0 0 1 0 0 4 4 0 0 0 4 4 0 0 0 0 0 0 0 0 0 0 0 0 0 0 0 0 0 0 0 0 0 0 1 2 0 0 0 0 0 0 0 0 0 0 0 0 0 11 0 5 0 0 0
0 0 0 5 0 0 0 0 0 0 0 0 0 0 0 0 0 0 0 0 0 0 11 10 0 0 0 0 0 0 0 0 0 0 0 11 0 0 0 3 0 0 0 0 0 0 0 0 0 0 0 0 0 0 0 0 0 0 0 0 0 0 0 0 0 0 0 0 0 0 0 0 0 0 0 0 0 13 0 1 4 4 0 0 0 10 11 13 10 0 13 2 10 4 2 13 2 12 2 10 4 0 3 0 2 0 13 4 0 3 0 0 0 0 4 13 4 0 3 0 0 0 4 0 4 0 4 4 4 10 2 10 13 4 0 0 0 0 0 4 0 4 4 0 4 0 0 4 0 4 0 0 0 0 0 0 0 0 0 0 0 0 0 0 0 0 0 0 0 0 0 1 2 1 10 0 0 0 0 0 0 0 0 0 0 0 0 0 5 0 0 0
0 0 0 5 0 0 0 0 0 0 0 0 0 0 0 0 0 0 0 0 0 0 0 0 0 0 0 0 0 0 0 0 0 0 0 0 0 0 0 0 0 0 0 0 0 0 0 0 0 0 0 0 0 0 0 0 0 0 4 2 0 0 0 0 0 0 0 0 0 0 0 0 0 0 0 0 0 0 2 1 13 2 0 0 0 0 10 3 4 4 12 12 1 0 13 3 4 2 3 0 4 0 3 0 0 0 0 0 0 4 0 4 0 0 0 0 0 0 4 0 4 0 0 0 4 0 0 4 4 0 0 0 0 0 0 0 0 0 0 0 0 4 0 3 1 0 0 0 3 1 0 0 0 0 0 0 0 0 0 0 0 0 0 0 0 0 0 0 0 0 0 0 0 0 0 0 0 0 0 0 0 0 0 0 1 2 0 0 0 5 0 0
0 0 0 5 0 0 0 0 0 0 0 0 0 0 0 0 0 0 0 0 0 0 0 0 0 0 0 0 0 11 0 0 1 0 0 0 0 0 0 0 0 0 0 1 0 0 0 0 0 0 0 0 0 0 0 0 0 0 0 0 0 0 0 0 0 0 0 0 0 0 0 0 0 0 0 0 0 0 0 0 0 0 0 13 0 11 11 6 14 14 7 4 4 1 4 2 4 10 10 0 0 0 4 0 4 0 0 0 0 4 0 4 0 0 0 3 0 0 0 12 4 2 2 0 1 4 2 0 3 4 1 4 0 4 0 0 0 0 0 0 0 3 0 0 4 0 0 0 0 4 0 0 0 0 0 0 0 0 0 0 0 0 0 0 0 0 0 0 0 0 0 1 4 0 3 0 0 0 0 0 0 0 0 0 1 2 1 10 5 0 0 0
0 0 0 5 0 0 0 0 0 0 0 0 0 0 0 0 0 0 0 0 0 0 0 0 0 0 0 0 0 0 0 0 4 0 0 0 0 0 0 0 0 0 0 0 0 0 0 0 0 0 0 0 0 0 0 0 0 0 4 4 0 0 0 0 0 0 0 0 0 0 0 0 0 0 4 4 2 0 3 0 13 0 4 1 4 4 2 18 18 18 18 1 10 1 4 10 10 4 4 13 0 0 4 0 4 0 0 2 0 13 0 3 0 4 4 0 2 11 2 0 0 2 0 0 0 4 2 0 3 4 0 4 2 0 0 0 0 0 0 0 0 3 4 4 1 0 0 4 4 1 0 0 0 0 0 0 0 0 0 0 0 0 0 0 12 0 0 0 0 0 0 1 4 0 3 0 0 0 0 0 2 0 0 0 0 0 0 0 5 0 0 0
0 0 0 5 0 0 0 0 0 0 0 0 0 0 0 0 0 0 0 0 2 0 2 0 0 1 1 0 0 0 0 0 0 0 0 0 0 0 0 0 0 2 0 0 0 0 0 0 0 0 0 0 0 0 0 0 0 0 2 1 0 0 0 0 0 0 0 0 0 0 0 0 0 0 13 2 1 0 0 2 13 0 0 1 13 2 4 17 17 17 17 10 4 10 11 2 12 0 0 3 4 0 0 4 0 3 0 0 0 0 4 0 2 4 4 0 2 4 4 4 1 0 0 0 4 0 4 4 0 1 4 1 2 0 0 0 0 0 0 0 4 0 4 4 0 4 0 0 0 0 0 0 0 0 0 0 0 0 0 0 0 0 0 0 0 0 0 0 0 0 0 1 13 3 0 0 0 0 0 0 0 0 0 0 1 4 0 3 5 0 0 0
0 0 0 5 0 0 0 0 0 0 0 0 0 0 0 0 0 0 0 0 0 11 0 0 11 10 4 0 0 0 0 0 0 0 2 0 0 0 0 0 0 0 0 0 0 0 0 0 0 0 0 0 0 0 0 0 0 0 0 0 0 0 0 0 0 0 0 0 0 0 0 0 0 0 0 0 0 0 0 4 3 2 12 11 4 10 10 9 14 14 8 1 4 4 3 2 0 1 0 2 0 4 0 0 0 4 0 4 0 0 3 0 2 0 0 11 4 0 4 4 0 12 4 0 1 4 2 0 3 10 4 0 4 0 0 0 0 0 0 0 0 0 4 0 3 1 0 0 0 0 0 0 0 0 0 0 0 0 0 0 0 0 0 0 0 0 0 0 0 0 0 3 0 3 0 0 0 0 0 0 0 0 0 0 1 4 0 3 5 0 0 0
0 0 0 5 0 0 0 0 0 0 0 0 0 0 0 0 0 0 0 0 0 0 3 4 1 0 0 0 0 0 0 0 0 0 0 0 0 0 0 0 0 0 0 0 0 0 0 0 0 0 0 0 0 0 0 0 0 0 0 0 0 0 0 0 0 0 0 0 0 0 0 0 0 0 0 0 1 0 0 10 11 2 2 1 4 4 1 2 2 3 4 1 13 2 10 2 10 12 1 4 0 0 0 0 0 4 0 4 0 0 2 2 4 12 0 12 4 2 0 3 10 0 0 0 0 4 2 0 3 0 0 4 4 0 0 0 0 0 0 0 0 0 3 0 0 4 0 0 0 0 0 0 0 0 0 0 0 0 0 0 0 0 0 0 0 0 0 0 0 0 0 0 0 0 0 0 0 0 0 0 0 0 0 0 0 0 0 0 5 0 0 0
0 0 0 5 0 0 0 0 0 0 0 0 0 0 0 0 0 0 0 0 0 4 0 2 3 0 0 0 2 0 0 0 0 0 2 0 0 0 0 0 0 0 0 0 0 0 0 0 0 0 0 0 0 0 0 0 0 0 0 0 0 0 0 0 0 0 0 0 2 0 0 0 0 4 4 0 4 0 4 2 4 1 4 2 1 13 0 2 10 11 4 10 1 4 10 0 11 2 0 3 0 0 0 0 0 3 11 2 0 0 2 0 4 0 2 0 13 2 0 3 0 4 1 0 4 0 4 4 0 2 0 4 0 0 0 0 0 0 0 0 0 0 3 4 4 1 0 0 0 0 0 0 0 0 0 0 4 0 0 0 0 0 0 0 0 0 0 0 0 0 0 0 11 0 0 0 0 1 4 0 3 0 0 0 0 0 0 0 5 0 0 0
0 0 0 5 0 0 0 0 0 0 0 0 0 0 0 0 0 0 0 0 0 0 0 0 0 13 0 0 0 0 0 0 0 0 0 0 0 0 0 0 0 0 0 0 0 0 0 0 0 0 0 0 0 0 0 0 0 0 0 0 0 0 0 0 0 0 0 0 0 0 11 0 3 1 0 2 1 4 2 1 12 4 4 4 0 4 4 1 12 12 2 0 4 10 10 10 1 0 11 0 3 0 0 1 4 0 4 4 4 1 0 0 13 0 0 0 0 4 4 0 2 4 0 0 0 0 0 0 0 2 2 0 0 0 0 0 0 0 0 0 0 0 0 0 0 0 0 0 0 0 0 0 0 0 0 0 0 0 0 0 0 0 0 0 0 0 0 0 0 0 0 0 0 0 0 0 0 1 4 0 3 0 0 0 0 0 0 0 5 0 0 0
0 0 0 5 0 0 0 0 0 0 0 0 0 0 0 0 0 0 0 0 2 0 11 0 0 1 0 0 2 0 0 0 0 0 0 0 0 0 0 0 0 0 0 0 0 0 0 0 0 0 0 0 0 0 0 0 0 0 0 0 0 0 0 0 0 0 0 0 3 4 1 0 0 4 4 1 10 0 3 10 11 3 1 0 2 1 10 1 0 4 4 1 2 1 3 11 0 0 0 0 4 0 12 0 4 0 0 4 4 0 12 4 0 0 4 0 0 4 4 0 2 3 10 0 0 0 0 0 1 4 2 0 3 0 0 0 0 0 0 0 0 0 0 0 0 0 0 0 0 0 0 0 0 0 0 0 0 0 0 0 0 0 0 0 3 0 0 0 0 0 0 0 0 0 0 0 0 1 13 3 0 0 0 0 12 0 0 0 5 0 0 0
0 0 0 5 0 0 0 0 0 0 0 0 0 0 0 0 0 0 0 0 0 0 0 0 0 1 0 0 0 0 0 0 0 0 0 0 0 0 0 0 0 0 0 0 0 0 0 0 0 0 0 0 0 0 0 0 0 0 0 0 0 0 0 0 0 0 0 0 0 2 3 0 4 1 10 1 1 0 2 1 4 11 4 4 1 10 4 0 0 1 10 1 11 2 2 10 0 1 0 0 0 0 0 4 1 4 2 0 3 10 0 0 0 0 4 0 0 0 0 11 4 3 0 0 0 0 0 0 0 0 0 0 0 0 0 0 0 0 0 0 0 0 0 0 0 0 0 0 0 0 0 0 0 0 0 0 0 0 0 0 0 0 0 0 0 0 0 0 0 0 0 0 0 0 0 0 0 0 11 0 0 0 0 0 0 0 0 0 5 0 0 0
0 0 0 5 0 0 0 0 0 0 0 0 0 0 0 0 0 0 0 0 0 0 0 0 0 0 0 0 0 0 0 0 0 0 0 0 0 0 0 0 0 0 0 0 0 0 0 0 0 0 0 0 0 0 0 0 0 0 0 2 0 0 0 0 0 0 0 0 0 0 0 1 2 4 0 0 12 1 13 0 4 4 1 10 1 1 4 4 3 10 4 0 0 0 0 0 2 0 0 0 0 0 0 4 0 4 2 0 3 0 4 1 0 3 2 0 1 12 0 12 4 0 2 0 0 0 0 0 0 0 0 0 0 0 0 0 0 4 0 0 0 0 0 0 2 0 0 0 0 0 0 0 0 0 0 12 0 0 0 0 0 0 0 0 0 0 0 0 0 0 0 0 0 0 0 0 0 0 0 0 0 0 0 0 0 0 0 0 5 0 0 0
0 0 0 5 0 0 0 0 0 0 0 0 0 0 0 0 0 0 0 0 0 0 0 0 0 0 0 0 0 0 0 0 0 0 0 0 0 0 0 0 0 0 0 0 0 0 0 0 0 0 0 0 0 0 0 0 0 0 0 0 0 11 0 0 0 0 0 0 11 0 0 0 0 3 11 2 0 0 4 0 1 2 4 0 0 12 13 2 10 1 4 4 3 0 0 4 0 1 13 2 0 0 0 0 4 0 4 4 0 2 4 0 0 3 4 0 3 0 2 0 13 0 2 0 0 0 0 0 0 0 0 0 0 0 0 0 0 0 0 0 0 0 0 0 0 0 0 0 0 0 0 0 0 0 0 0 0 0 0 0 0 0 0 0 0 0 0 0 0 0 0 0 0 0 0 0 1 2 0 0 0 0 0 0 0 0 0 0 5 0 0 0
0 0 0 5 0 0 0 0 0 0 0 0 0 0 0 0 0 0 0 0 0 0 0 0 0 0 0 0 0 0 0 0 0 0 0 0 0 0 0 0 0 0 0 0 0 0 0 0 0 0 0 0 0 0 0 0 0 0 0 3 4 1 0 0 0 0 1 0 0 0 0 1 4 0 4 4 4 2 1 4 0 12 3 11 2 0 0 0 10 1 13 2 10 0 0 4 4 0 0 0 0 0 0 0 4 0 4 4 0 2 3 10 4 0 4 0 3 0 0 0 0 11 4 0 0 0 0 0 0 0 0 0 2 0 0 0 0 0 0 0 0 0 0 0 0 0 0 0 0 0 0 0 0 0 0 0 0 2 0 0 0 0 0 0 0 0 0 0 0 0 0 0 0 0 0 0 1 2 1 10 0 0 0 0 0 0 0 0 5 0 0 0
0 0 0 5 0 0 0 0 0 0 0 0 0 0 0 0 0 0 0 0 0 0 0 0 0 0 0 0 0 0 2 0 4 4 0 0 0 0 0 0 0 0 0 0 0 0 0 0 0 0 0 0 0 0 0 0 0 0 0 0 2 3 0 0 1 2 1 0 0 0 0 0 4 0 0 4 4 1 10 0 1 4 0 4 4 4 0 0 0 0 0 0 10 0 0 13 2 0 4 0 0 0 0 2 0 1 0 0 11 4 3 0 4 0 0 0 4 0 4 0 0 12 4 0 0 0 0 0 0 0 0 0 0 0 0 0 0 0 0 0 0 0 0 0 0 0 0 0 0 0 0 0 0 0 0 0 0 0 0 0 0 0 0 0 0 0 0 0 0 0 0 0 0 0 0 2 0 0 0 0 0 0 0 0 0 0 0 0 5 0 0 0
0 0 0 5 0 0 0 0 0 0 0 0 0 0 0 0 0 0 0 0 0 0 0 0 0 0 0 0 0 0 0 0 0 0 0 0 0 0 0 0 0 0 0 0 0 0 0 0 0 0 0 0 0 0 0 0 0 0 0 0 0 0 0 1 2 0 3 0 0 0 0 4 1 4 2 0 3 1 1 1 0 4 0 0 4 4 13 0 0 0 0 0 0 0 0 0 0 0 13 0 0 0 0 2 0 1 12 0 1 4 0 4 4 4 2 1 4 0 4 0 0 0 13 0 0 0 0 0 0 0 0 0 0 0 0 0 0 3 0 0 0 0 0 0 0 0 0 0 0 0 0 0 0 0 0 0 0 0 0 0 0 0 0 0 0 0 0 0 0 0 12 0 0 0 0 0 1 4 0 3 0 0 0 0 0 0 0 0 5 0 0 0
0 0 0 5 0 0 0 0 0 0 0 0 0 0 0 0 0 0 0 0 0 0 0 0 0 0 0 0 0 0 0 0 0 0 0 0 0 0 0 0 0 0 0 0 0 0 0 0 0 0 0 0 0 0 0 0 0 0 0 11 0 0 0 1 2 1 4 0 0 0 0 4 0 4 2 0 3 0 1 0 4 1 4 2 0 3 1 4 4 0 13 0 0 0 0 1 4 0 4 4 4 2 1 4 0 3 0 2 0 4 0 0 4 4 1 10 0 1 3 0 0 0 0 0 0 0 0 0 0 0 0 0 0 0 0 0 0 0 0 0 0 0 0 0 0 0 0 0 0 0 0 10 0 0 0 0 0 0 0 0 0 0 0 0 0 0 0 0 0 0 0 0 0 0 0 0 1 4 0 3 0 0 0 0 0 0 0 0 5 0 0 0
0 0 0 5 0 0 0 0 0 0 0 0 0 0 0 0 0 0 0 0 0 0 0 0 0 0 0 0 11 0 0 0 3 0 0 0 0 11 0 0 0 0 0 0 0 0 0 0 0 0 0 0 0 0 0 0 0 0 0 0 0 0 0 4 4 4 0 0 0 0 0 0 4 4 0 4 0 4 0 10 4 0 4 2 0 3 1 13 2 0 1 4 4 3 0 0 4 0 0 4 4 1 10 0 1 1 4 0 4 1 4 2 0 3 1 1 1 0 4 0 4 0 0 0 0 0 0 0 0 0 1 0 0 0 0 0 0 0 0 0 0 0 0 0 0 11 0 0 0 0 0 0 0 0 0 0 0 0 0 0 0 0 0 0 0 0 0 0 0 0 0 0 0 0 0 0 1 13 3 0 0 0 0 12 0 0 0 0 5 0 0 0
0 0 0 5 0 0 0 0 0 0 0 0 0 0 0 0 0 0 0 0 0 0 0 0 0 0 0 0 0 0 0 1 0 0 0 0 0 0 0 0 0 0 0 0 0 0 0 0 0 0 0 0 0 0 0 0 0 0 0 0 0 0 0 4 0 2 3 0 0 0 0 3 1 0 2 1 0 0 0 0 0 4 0 4 4 0 0 0 0 0 1 13 2 10 0 4 1 4 2 0 3 1 1 1 0 10 0 1 4 0 4 2 0 3 0 1 0 4 4 0 4 0 0 0 0 0 0 0 0 0 0 0 0 0 0 0 0 0 0 0 0 0 0 0 0 0 0 0 0 0 0 0 0 0 0 0 0 0 0 0 0 0 0 0 0 0 0 0 0 0 0 0 0 0 0 0 3 0 3 0 0 0 0 0 0 0 0 0 5 0 0 0
0 0 0 5 0 0 0 0 0 0 0 0 0 0 0 0 0 0 0 0 0 0 0 0 0 0 0 0 0 0 0 0 0 0 0 0 1 0 0 0 0 0 0 0 0 0 0 0 0 0 0 0 0 0 0 0 0 0 0 0 0 0 0 0 0 1 4 0 4 4 4 2 1 4 0 10 4 0 4 2 0 4 0 4 4 0 0 0 0 0 0 0 0 10 0 4 0 4 2 0 3 0 1 0 4 1 1 0 0 4 4 0 4 0 4 0 10 4 4 0 2 0 0 0 0 0 0 0 0 0 0 0 0 0 0 0 0 0 0 0 0 0 0 0 0 0 0 0 0 0 0 0 0 0 0 0 0 0 0 0 0 0 0 0 0 0 0 0 0 0 0 0 0 0 0 0 0 0 0 4 0 13 0 0 0 0 0 0 5 0 0 0
0 0 0 5 0 0 0 0 0 0 0 0 0 0 0 0 0 0 0 0 0 0 0 0 0 0 0 0 0 0 0 0 0 0 0 0 0 0 0 0 0 0 0 0 0 0 0 1 0 4 0 1 0 2 3 1 0 4 4 0 0 1 2 1 0 0 4 0 0 4 4 1 10 0 1 1 0 0 0 2 2 0 1 0 0 11 0 0 0 0 0 0 0 0 0 0 4 4 0 4 0 4 0 10 4 1 0 4 3 1 0 2 1 0 0 0 0 0 0 11 4 0 0 0 0 0 0 0 0 0 0 0 0 0 0 0 0 0 0 0 0 0 0 0 0 0 0 0 0 0 0 0 0 0 0 0 0 0 0 0 0 0 0 0 0 0 0 0 0 0 0 0 0 11 0 0 0 0 0 0 0 0 0 0 0 0 0 0 5 0 0 0
0 0 0 5 0 0 0 0 0 0 0 0 0 0 0 0 0 0 0 0 0 0 0 0 0 0 0 0 0 0 0 3 0 0 2 0 0 0 0 0 0 0 0 0 0 0 0 0 2 3 0 1 2 0 3 2 0 3 4 1 0 2 0 3 0 4 1 4 2 0 3 1 1 1 0 12 1 0 1 4 2 0 1 12 0 12 0 0 1 0 0 13 0 0 0 3 1 0 2 1 0 0 0 0 0 0 10 4 0 4 4 1 10 4 0 4 2 0 0 12 4 0 0 0 0 0 0 0 0 0 0 0 0 0 0 0 0 0 0 0 0 0 0 0 0 0 0 0 0 0 0 0 0 0 0 0 0 0 0 0 0 0 0 0 0 0 0 0 0 0 0 0 0 0 0 0 0 0 0 0 0 0 0 0 0 0 0 0 5 0 0 0
0 0 0 5 0 0 0 0 0 0 0 0 0 0 0 0 0 0 0 0 0 0 0 0 0 0 0 0 0 0 0 0 0 0 0 0 0 0 0 0 0 0 0 0 0 0 0 0 3 2 4 1 4 3 0 0 0 0 1 1 0 2 1 4 0 4 0 4 2 0 3 0 1 0 4 0 0 0 0 4 4 0 3 0 2 0 1 4 0 4 4 4 2 1 4 0 4 4 1 10 4 0 4 2 0 0 0 0 4 1 10 1 1 0 0 0 2 2 2 0 13 0 0 0 0 0 0 0 0 0 0 0 0 0 0 0 0 0 0 0 0 0 0 0 0 0 0 0 0 0 0 0 0 0 0 0 0 0 0 0 0 0 0 0 0 0 0 0 0 0 0 1 2 0 0 0 0 0 0 0 0 0 0 0 0 0 11 0 5 0 0 0
0 0 0 5 0 0 0 0 0 0 0 0 0 0 0 0 0 0 0 0 0 0 0 0 0 0 0 0 0 0 0 0 0 0 0 0 0 0 0 0 0 0 0 0 0 0 0 0 2 1 3 2 0 0 0 1 0 2 0 1 0 4 4 0 0 0 4 4 0 4 0 4 0 10 4 4 10 2 10 13 4 0 3 0 0 10 1 4 4 3 4 4 1 10 0 4 1 10 1 1 0 0 0 2 2 4 2 0 2 4 0 0 12 1 0 1 4 2 0 0 0 0 0 0 0 0 0 0 0 0 0 0 0 0 0 0 0 0 0 0 0 0 0 0 0 0 0 0 0 0 0 0 0 0 0 0 0 0 0 0 0 0 0 0 0 0 0 0 0 0 0 1 2 1 10 0 0 0 0 0 0 0 0 0 0 0 0 0 5 0 0 0
0 0 0 5 0 0 0 0 0 0 0 0 0 0 0 0 0 0 0 0 0 0 0 0 0 0 0 0 0 0 0 0 0 0 0 0 0 0 0 0 0 0 0 0 0 0 0 0 2 1 0 3 0 4 2 1 0 0 0 1 0 0 2 3 3 3 1 0 2 1 0 0 0 0 0 4 0 0 0 0 0 0 4 0 4 10 1 13 2 10 0 3 1 1 1 2 4 0 0 12 1 0 1 4 2 0 2 2 0 3 11 2 0 0 0 0 4 4 4 0 0 0 0 0 0 0 0 0 0 0 0 0 0 0 0 0 0 0 0 0 0 0 0 0 0 0 0 0 0 0 0 0 0 0 0 0 0 0 0 0 0 0 0 0 0 0 0 0 0 0 0 0 0 0 0 0 0 0 0 0 0 0 0 0 1 2 0 0 5 0 0 0
0 0 0 5 0 0 0 0 0 0 0 0 0 0 0 0 0 0 0 0 0 0 0 0 0 0 0 0 0 0 0 12 0 0 0 0 0 0 0 0 0 0 0 0 0 0 0 0 3 2 1 0 0 0 0 0 0 1 2 1 3 0 0 0 0 0 4 4 1 10 4 0 4 2 0 3 4 1 4 0 4 0 4 4 0 0 3 0 0 10 0 3 0 1 0 0 3 11 2 0 0 0 0 4 4 1 4 2 4 0 4 4 4 10 2 10 13 4 4 0 0 0 0 0 0 0 0 0 0 0 0 0 0 0 0 0 0 0 0 0 0 0 0 0 0 0 0 0 0 0 0 0 0 0 0 0 0 0 0 0 0 0 0 0 0 0 0 0 0 0 0 1 4 0 3 0 0 0 0 0 0 0 0 0 1 2 1 10 5 0 0 0
0 0 0 5 0 0 0 0 0 0 0 0 0 0 0 0 0 0 0 0 0 0 0 0 0 0 0 0 0 0 0 0 0 0 0 0 0 0 0 0 0 0 0 0 0 0 0 0 0 0 1 2 4 4 4 0 1 2 0 3 4 0 0 0 0 4 1 10 1 1 0 0 0 2 2 3 4 0 4 2 0 1 0 0 11 0 0 0 0 0 4 0 4 0 10 4 0 4 4 4 10 2 10 13 4 0 4 4 4 0 0 4 4 0 0 0 0 0 0 0 0 0 0 0 0 0 0 0 0 0 0 0 0 0 0 0 0 0 0 0 0 0 0 0 0 0 0 0 0 0 0 0 0 0 0 0 0 0 0 0 0 0 0 0 0 0 0 0 0 0 0 1 4 0 3 0 0 0 0 0 2 0 0 0 0 0 0 0 5 0 0 0
0 0 0 5 0 0 0 0 0 0 0 0 0 0 0 0 0 0 0 0 0 0 0 0 0 0 0 0 0 0 0 0 0 0 0 0 0 0 0 0 0 0 0 0 0 0 0 2 0 1 3 4 0 2 1 4 1 2 1 4 2 0 0 0 0 2 4 0 0 12 1 0 1 4 2 0 1 4 1 2 0 1 12 0 12 4 1 13 0 0 1 0 0 0 0 4 0 0 4 4 0 0 0 0 0 10 13 4 1 4 2 0 3 4 1 4 0 4 0 0 0 0 0 0 0 0 0 0 0 0 0 0 0 0 0 0 0 0 0 0 0 0 0 0 0 0 0 0 0 0 0 0 0 0 0 0 0 0 0 0 0 0 0 0 0 0 0 0 0 0 0 1 13 3 0 0 0 0 0 0 0 0 0 0 1 4 0 3 5 0 0 0
0 0 0 5 0 0 0 0 0 0 0 0 0 0 0 0 0 0 0 0 0 0 0 0 0 0 0 0 0 0 0 0 0 0 0 0 0 0 0 0 0 0 0 0 0 0 0 2 3 4 1 0 0 2 0 0 4 4 4 0 0 4 2 0 0 0 3 11 2 0 0 0 0 4 4 3 10 4 0 4 0 3 0 2 0 2 0 1 4 4 10 4 0 4 2 1 4 2 0 3 4 1 4 0 4 0 0 0 0 4 2 0 3 4 0 4 2 0 0 0 0 0 0 0 0 0 0 0 0 0 0 0 0 0 0 0 0 0 0 0 0 0 0 0 0 0 0 0 0 0 0 0 0 0 0 0 0 0 0 0 0 0 0 0 0 0 0 0 0 0 0 3 0 3 0 0 0 0 0 0 0 0 0 0 1 4 0 3 5 0 0 0
0 0 0 5 0 0 0 0 0 0 0 0 0 0 0 0 0 0 0 0 0 0 0 1 0 4 0 1 0 2 3 0 0 0 0 0 0 0 0 0 0 0 0 0 1 0 0 0 0 0 0 1 0 0 4 0 4 0 2 3 1 0 0 1 2 4 0 4 4 4 10 2 10 13 4 3 0 0 4 4 0 3 0 0 0 0 0 1 13 2 1 0 0 0 2 0 4 2 0 3 4 0 4 2 0 4 0 4 4 0 4 4 0 1 4 1 2 0 0 0 0 0 0 0 0 0 0 0 0 0 0 0 0 0 0 0 0 0 0 0 0 0 0 0 0 0 0 0 0 0 0 0 0 0 0 0 0 0 0 0 0 0 0 0 0 0 0 0 0 0 0 0 0 0 4 0 0 0 0 4 0 0 0 0 1 13 3 0 5 0 0 0
0 0 0 5 0 0 0 0 0 0 0 0 0 0 0 0 0 0 0 0 0 0 0 0 2 3 0 1 2 0 3 0 0 0 0 0 0 0 0 0 0 0 0 0 1 0 0 0 4 0 4 0 0 0 0 0 0 0 0 0 0 4 4 2 0 4 0 0 4 4 0 0 0 0 0 0 2 1 4 0 4 4 4 2 1 0 4 0 0 0 12 1 0 1 4 4 0 4 4 0 1 4 1 2 0 4 2 0 1 4 2 0 3 10 4 0 4 0 1 0 2 0 0 4 0 0 4 0 4 0 4 4 0 1 0 0 2 1 0 0 0 2 0 0 4 0 4 4 0 2 1 0 0 0 1 2 3 0 2 0 0 0 4 0 0 2 1 0 2 0 0 0 0 0 0 0 0 0 0 0 0 0 0 0 3 0 3 0 5 0 0 0
0 0 0 5 0 0 0 0 0 0 0 0 0 0 0 0 0 0 0 0 0 0 0 0 3 2 4 1 4 3 0 0 0 0 0 0 0 0 0 0 0 0 0 0 1 0 0 0 4 0 4 0 0 0 4 0 0 4 0 4 4 2 1 2 1 1 4 2 0 3 4 1 4 0 4 0 2 0 4 0 0 4 4 1 10 0 0 0 10 0 0 0 0 0 4 1 4 2 0 3 10 4 0 4 0 1 2 0 0 4 2 0 3 0 0 4 4 0 1 0 2 0 0 4 0 0 4 0 4 0 4 4 0 1 0 0 2 1 0 0 0 2 0 0 4 0 4 4 0 2 1 0 0 0 1 2 3 0 2 0 0 0 4 0 0 2 1 0 2 0 0 0 0 0 0 0 0 0 0 0 0 0 0 0 0 0 0 4 5 0 0 0
0 0 0 5 0 0 0 0 0 0 0 0 0 0 0 0 0 0 0 0 0 0 0 0 2 1 3 2 0 0 0 0 0 0 2 3 0 0 0 2 0 3 2 0 1 0 0 0 2 0 0 0 0 0 4 0 0 4 0 4 4 0 0 4 4 0 4 2 0 3 4 0 4 2 0 1 4 4 1 4 2 0 3 1 1 1 4 0 4 4 4 10 2 10 13 0 4 2 0 3 0 0 4 4 0 0 4 0 4 0 4 4 0 2 0 4 0 0 1 0 0 0 1 2 3 0 2 0 0 0 4 0 0 2 1 0 2 0 0 0 1 0 2 0 0 0 0 0 0 1 0 0 2 0 4 4 4 0 2 0 0 0 1 0 0 1 0 2 0 0 0 0 0 0 0 0 0 0 0 0 0 0 0 0 0 0 0 0 5 0 0 0
0 0 0 5 0 0 0 0 0 0 0 0 0 0 0 0 0 0 0 0 0 0 0 0 2 1 0 3 0 4 2 0 0 0 3 2 4 0 0 4 3 0 0 0 1 3 0 0 2 0 0 0 0 0 2 3 0 2 0 0 0 0 0 0 2 4 0 4 4 0 1 4 1 2 0 0 4 4 0 4 2 0 3 0 1 0 4 0 0 4 4 0 0 0 0 4 0 4 4 0 2 0 4 0 0 4 4 0 0 0 0 0 0 2 2 0 0 0 1 0 0 0 1 2 3 0 2 0 0 0 4 0 0 2 1 0 2 0 0 0 1 0 2 0 0 0 0 0 0 1 0 0 2 0 4 4 4 0 2 0 0 0 1 0 0 1 0 2 0 0 0 0 0 0 0 0 0 0 0 0 0 0 0 0 0 0 0 0 5 0 0 0
0 0 0 5 0 0 0 0 0 0 0 0 0 0 0 0 0 0 0 0 0 0 0 0 0 2 0 0 0 0 0 0 0 0 2 1 3 0 0 0 0 0 1 0 3 4 1 2 1 0 3 4 0 0 2 3 0 2 0 0 0 0 0 0 0 1 4 2 0 3 10 4 0 4 0 0 0 0 4 4 0 4 0 4 0 10 1 4 2 0 3 4 1 4 0 0 0 0 0 0 2 2 0 0 0 4 0 0 0 0 0 0 1 4 2 0 3 0 0 1 0 0 4 3 0 2 1 0 3 4 0 2 0 1 2 3 0 0 0 0 0 0 3 0 0 0 0 1 0 0 0 0 0 0 3 0 2 1 0 0 0 1 0 0 2 0 3 0 1 1 0 0 0 0 0 2 0 0 0 0 0 0 10 0 0 0 0 0 5 0 0 0
0 0 0 5 0 0 0 0 0 0 0 0 0 0 0 0 0 0 0 0 0 0 0 0 0 2 0 0 0 0 0 0 0 0 2 1 0 0 0 0 4 2 1 0 4 2 1 2 1 0 3 4 0 0 3 0 2 1 0 3 3 4 4 0 1 0 4 2 0 3 0 0 4 4 0 0 0 3 1 0 2 1 0 0 0 0 0 4 2 0 3 4 0 4 2 0 0 0 0 1 4 2 0 3 0 0 0 0 2 0 3 0 4 0 0 0 12 4 0 1 0 0 4 3 0 2 1 0 3 4 0 2 0 1 2 3 0 0 0 0 0 0 3 0 0 0 0 1 0 0 0 0 0 0 3 0 2 1 0 0 0 1 0 0 2 0 3 0 1 1 0 0 0 0 0 0 0 0 0 0 0 0 0 0 0 0 0 0 5 0 0 0
0 0 0 5 0 0 0 0 0 0 0 0 0 0 0 0 0 0 0 0 0 0 0 1 2 1 0 3 4 0 0 0 0 0 3 2 1 0 0 0 0 0 0 0 0 0 4 1 2 3 0 2 3 0 3 0 2 1 0 3 3 4 4 0 1 4 0 4 4 0 2 0 4 0 0 0 0 0 4 4 1 10 4 0 4 2 4 0 4 4 0 1 4 1 2 0 4 4 0 0 0 0 1 4 2 0 3 0 4 4 0 2 0 3 0 2 0 13 0 0 0 0 3 0 2 1 2 3 0 0 0 2 0 1 0 4 0 1 0 0 0 2 0 0 4 0 4 4 0 2 1 0 0 0 1 2 3 0 2 0 0 0 4 0 0 2 1 0 2 0 0 0 0 0 0 0 0 0 0 0 0 0 0 0 0 0 0 0 5 0 0 0
0 0 0 5 0 0 0 0 0 0 0 0 0 0 0 0 0 0 0 0 0 0 0 1 2 1 0 3 4 0 0 0 0 0 0 0 1 0 0 4 4 4 0 0 0 2 0 1 2 3 0 2 3 0 0 2 1 2 3 0 0 0 0 0 0 0 0 0 0 0 2 2 0 0 0 0 0 4 1 10 1 1 0 0 0 2 1 4 2 0 3 10 4 0 4 0 0 2 1 4 1 2 1 4 2 0 4 0 4 4 0 2 0 3 0 0 0 0 0 0 0 0 3 0 2 1 2 3 0 0 0 2 0 1 0 4 0 1 0 0 0 2 0 0 4 0 4 4 0 2 1 0 0 0 1 2 3 0 2 0 0 0 4 0 0 2 1 0 2 0 0 0 0 0 0 0 0 0 0 0 0 0 0 0 0 0 0 0 5 0 0 0
0 0 0 5 0 0 0 0 0 0 0 0 0 0 0 0 0 0 0 0 0 0 0 4 1 2 3 0 2 3 0 0 0 0 0 0 0 0 0 0 2 1 4 0 0 2 0 2 0 0 4 3 0 2 0 2 1 2 3 0 0 0 0 0 0 0 0 0 0 1 4 2 0 3 0 0 0 2 4 0 0 12 1 0 1 4 0 4 2 0 3 0 0 4 4 0 0 2 0 0 4 4 4 0 0 2 0 1 0 0 11 4 0 4 0 4 0 0 4 0 0 0 1 0 1 2 0 0 4 0 4 0 0 0 0 0 1 0 1 0 0 0 0 2 0 0 0 0 1 0 0 0 0 0 1 0 0 2 0 0 3 0 0 1 0 0 0 0 4 0 0 0 0 0 0 0 0 0 0 0 0 0 0 0 0 0 0 0 5 0 0 0
0 0 0 5 0 0 0 0 0 0 0 0 0 0 0 0 0 0 0 0 0 0 0 0 1 2 3 0 2 3 0 0 1 0 2 3 1 0 4 0 2 0 0 0 0 0 0 2 0 0 4 3 0 2 0 1 2 0 0 4 4 0 0 4 0 0 2 4 4 0 1 0 0 2 1 0 0 0 3 11 2 0 0 0 0 4 4 0 4 4 0 2 0 4 0 0 0 0 0 4 0 0 2 1 0 2 0 1 12 0 12 4 0 4 0 4 0 0 4 0 0 0 1 0 1 2 0 0 4 0 4 0 0 0 0 0 1 0 1 0 0 0 0 2 0 0 0 0 1 0 0 0 0 0 1 0 0 2 0 0 3 0 0 1 0 0 0 0 4 0 0 0 0 0 0 0 0 0 0 0 0 0 0 0 0 0 0 0 5 0 0 0
0 0 0 5 0 0 0 0 0 0 0 0 0 0 0 0 0 0 0 0 0 0 0 0 2 0 0 4 3 0 2 0 1 2 0 3 2 0 3 0 0 4 0 0 0 0 0 0 2 0 0 0 2 1 0 1 2 0 0 4 4 0 0 4 0 0 0 4 4 0 1 0 0 2 1 0 0 4 0 4 4 4 10 2 10 13 0 0 0 0 0 2 2 0 0 0 0 0 0 4 0 0 2 1 0 4 0 3 0 2 0 13 0 0 0 0 0 1 0 0 2 0 4 4 4 0 2 0 0 0 1 0 0 1 0 2 0 4 0 0 0 0 0 0 0 4 0 4 0 0 4 0 0 0 1 0 1 2 0 0 4 0 4 0 0 0 0 0 1 0 0 0 4 4 0 0 0 0 3 0 0 1 0 0 0 0 0 0 5 0 0 0
0 0 0 5 0 0 0 0 0 0 0 0 0 0 0 0 0 0 0 0 0 0 0 0 2 0 0 4 3 0 2 4 1 4 3 0 0 0 0 0 0 0 0 2 0 0 0 0 0 4 0 0 2 1 4 4 0 2 0 0 0 3 0 2 0 0 1 4 0 0 2 1 0 2 0 0 0 4 0 0 4 4 0 0 0 0 0 0 0 0 1 4 2 0 3 0 0 0 0 1 0 0 1 0 2 4 0 3 0 0 0 0 0 0 0 0 0 1 0 0 2 0 4 4 4 0 2 0 0 0 1 0 0 1 0 2 0 4 0 0 0 0 0 0 0 4 0 4 0 0 4 0 0 0 1 0 1 2 0 0 4 0 4 0 0 0 0 0 1 0 0 0 0 0 0 0 0 0 0 0 0 0 0 0 0 0 0 0 5 0 0 0
0 0 0 5 0 0 0 0 0 0 0 0 0 0 0 0 0 0 0 0 0 0 0 0 0 2 0 0 0 2 1 3 2 0 0 0 1 0 2 0 1 0 0 2 0 0 0 0 0 4 0 0 1 2 0 0 4 0 0 1 2 3 0 2 0 0 0 4 0 0 2 1 0 2 0 0 0 1 4 2 0 3 4 1 4 0 4 10 13 4 0 4 4 4 0 2 0 0 0 1 0 0 1 0 2 0 0 4 0 4 0 0 0 0 1 0 0 0 0 4 0 2 4 0 4 0 0 1 0 2 0 3 4 0 2 0 1 0 1 0 4 0 2 4 0 0 2 0 3 0 1 0 2 0 0 4 0 0 4 0 4 0 4 4 0 1 0 0 2 0 0 1 2 0 0 0 0 0 0 0 0 0 0 0 0 0 11 0 5 0 0 0
0 0 0 5 0 0 0 0 0 0 0 0 0 0 0 0 0 0 0 0 0 0 0 0 0 0 4 0 0 2 1 0 3 0 4 2 1 0 0 0 1 0 0 0 0 0 0 0 2 0 1 0 1 2 0 0 4 0 0 4 3 0 2 1 0 3 4 0 2 0 1 2 3 0 0 0 0 0 4 2 0 3 4 0 4 2 0 0 0 0 0 3 0 2 1 0 0 0 1 0 0 2 0 3 0 0 0 4 0 4 0 0 0 0 1 0 0 0 0 4 0 2 4 0 4 0 0 1 0 2 0 3 4 0 2 0 1 0 1 0 4 0 2 4 0 0 2 0 3 0 1 0 2 0 0 4 0 0 4 0 4 0 4 4 0 1 0 0 2 0 0 1 2 1 10 0 0 0 0 0 0 0 0 0 0 0 0 0 5 0 0 0
0 0 0 5 0 0 0 0 0 0 0 0 0 0 0 0 0 0 0 0 0 0 0 0 0 0 4 0 0 1 2 0 0 0 0 0 4 0 1 2 1 3 0 0 0 0 0 0 2 0 1 4 4 0 2 0 0 0 0 4 3 0 2 1 0 3 4 0 2 0 1 2 3 0 0 0 0 4 0 4 4 0 1 4 1 2 0 4 0 4 0 3 0 2 1 0 0 0 1 0 0 2 0 3 0 0 0 0 0 0 3 0 0 0 0 1 0 0 0 0 0 0 3 0 2 1 0 0 0 1 0 0 2 0 3 0 1 1 0 2 0 0 0 4 0 3 0 0 0 0 0 0 0 0 3 0 2 1 2 3 0 0 0 2 0 1 0 4 0 4 0 0 0 0 0 0 0 0 0 0 0 0 0 0 1 2 0 0 5 0 0 0
0 0 0 5 0 0 0 0 0 0 0 0 0 0 0 0 0 0 0 0 0 0 2 1 10 1 0 1 0 1 2 0 0 0 0 0 2 1 2 0 3 4 1 0 2 0 0 0 4 0 3 0 0 0 0 0 0 0 0 3 0 2 1 2 3 0 0 0 2 0 1 0 4 0 1 0 0 1 4 2 0 3 10 4 0 4 0 4 2 0 0 1 2 3 0 2 0 0 0 4 0 0 2 1 0 0 0 0 0 0 3 0 0 0 0 1 0 0 0 0 0 0 3 0 2 1 0 0 0 1 0 0 2 0 3 0 1 1 0 2 0 0 0 4 0 3 0 0 0 0 0 0 0 0 3 0 2 1 2 3 0 0 0 2 0 1 0 4 0 4 0 1 4 0 3 0 0 0 0 0 0 0 0 0 1 2 1 10 5 0 0 0
0 0 0 5 0 0 0 0 0 0 0 0 0 0 0 0 0 0 0 0 0 0 2 1 10 1 0 1 4 4 0 0 3 4 0 0 2 1 2 1 4 2 1 0 2 0 0 0 4 0 3 0 0 0 0 0 0 0 0 3 0 2 1 2 3 0 0 0 2 0 1 0 4 0 1 0 0 0 4 2 0 3 0 0 4 4 0 1 2 0 0 1 2 3 0 2 0 0 0 4 0 0 2 1 0 2 2 0 0 0 0 0 0 0 0 0 0 0 0 0 0 0 0 0 0 0 0 0 0 0 0 0 0 0 0 0 0 0 0 0 0 0 0 0 0 0 0 0 0 0 0 0 0 0 0 0 0 0 0 0 0 0 0 0 0 0 0 0 0 0 0 1 4 0 3 0 0 0 0 0 2 0 0 0 0 0 0 0 5 0 0 0
0 0 0 5 0 0 0 0 0 0 0 0 0 0 0 0 0 0 0 0 0 0 1 2 0 3 0 3 0 0 0 0 3 4 0 0 3 4 4 4 0 0 4 0 0 0 0 0 2 0 0 0 0 0 4 4 0 0 0 1 0 1 2 0 0 4 0 4 0 0 0 0 0 1 0 1 0 4 0 4 4 0 2 0 4 0 0 0 4 0 0 1 0 0 2 0 0 3 0 0 1 0 0 0 0 4 0 0 0 0 0 0 0 0 0 0 0 0 0 0 0 0 0 0 0 0 0 0 0 0 0 0 0 0 0 0 0 0 0 0 0 0 0 0 0 0 0 0 0 0 0 0 0 0 0 0 0 0 0 0 0 0 0 0 0 0 0 0 0 0 0 1 13 3 0 0 0 0 0 0 0 0 0 0 1 4 0 3 5 0 0 0
0 0 0 5 0 0 0 0 0 0 0 0 0 0 0 0 0 0 0 0 0 0 1 2 0 0 0 3 0 0 0 3 0 2 3 0 3 4 0 2 3 1 4 0 0 0 0 0 2 0 0 0 0 0 2 4 0 0 0 1 0 1 2 0 0 4 0 4 0 0 0 0 0 1 0 1 0 0 0 0 0 0 2 2 0 0 0 4 4 0 0 1 0 0 2 0 0 3 0 0 1 0 0 0 0 4 1 0 0 0 0 0 0 0 0 0 0 0 0 0 0 0 0 0 0 0 0 0 0 0 0 0 0 0 0 0 0 0 0 0 0 0 0 0 0 0 0 0 0 0 0 0 0 0 0 0 0 0 0 0 0 0 0 0 0 0 0 0 0 0 0 3 0 3 0 0 0 0 0 0 0 0 0 0 1 4 0 3 5 0 0 0
0 0 0 5 0 0 0 0 0 0 0 0 0 0 0 0 0 0 0 0 0 0 4 0 2 0 0 2 0 1 2 3 0 2 3 0 11 0 0 0 0 0 0 0 0 1 0 2 1 0 3 4 0 0 2 0 0 2 0 4 4 4 0 2 0 0 0 1 0 0 1 0 2 0 4 0 0 0 0 0 0 1 4 2 0 3 0 4 0 0 0 1 0 1 2 0 0 4 0 4 0 0 0 0 0 1 4 0 0 0 0 0 0 0 0 0 0 0 0 0 0 0 0 0 0 0 0 0 0 0 0 0 0 0 0 0 0 0 0 0 0 0 0 0 0 0 0 0 0 0 0 0 0 0 0 0 0 0 0 0 0 0 0 0 0 0 0 0 0 0 0 0 0 0 4 0 0 0 0 4 0 0 0 0 1 13 3 0 5 0 0 0
0 0 0 5 0 0 0 0 0 2 3 0 0 0 0 0 0 0 0 0 0 1 11 0 0 0 0 2 3 2 0 0 4 3 0 2 12 0 0 1 0 0 0 0 0 1 0 2 1 0 3 4 0 0 3 0 0 2 0 4 4 4 0 2 0 0 0 1 0 0 1 0 2 0 4 0 0 0 0 0 0 0 0 0 0 2 2 0 0 0 0 1 0 1 2 0 0 4 0 4 0 0 0 0 0 1 0 0 0 0 0 0 0 0 0 0 0 0 0 0 0 0 0 0 0 0 0 0 0 0 0 11 0 0 0 0 0 0 0 0 0 0 0 0 0 0 0 0 0 0 0 0 0 0 0 0 0 0 0 0 0 0 0 0 0 0 0 0 0 0 0 0 0 0 0 0 0 0 0 0 0 0 0 0 3 0 3 0 5 0 0 0
0 0 0 5 0 0 0 0 0 3 2 4 0 0 0 0 0 0 0 0 0 0 2 3 0 1 2 0 3 2 0 0 4 3 0 2 0 1 4 0 4 0 1 0 0 4 0 0 2 3 0 2 3 0 3 0 4 0 2 4 0 4 0 0 1 0 2 0 3 4 0 2 0 1 0 1 0 4 0 2 0 0 0 0 1 4 2 0 3 0 0 0 4 0 0 4 0 4 0 4 4 0 1 0 0 2 11 0 0 0 0 0 0 0 0 0 0 0 0 0 0 0 0 0 0 0 0 0 0 0 0 0 0 0 0 0 0 0 0 0 0 0 0 0 0 0 0 0 0 0 0 0 0 0 0 0 0 0 0 0 0 0 0 0 0 0 0 0 0 0 0 0 0 0 0 0 0 0 0 0 0 0 0 0 0 0 0 4 5 0 0 0
0 0 0 5 0 0 0 0 0 2 1 3 0 0 0 0 0 0 0 0 0 0 3 2 4 1 4 3 0 0 2 0 0 0 2 1 10 1 4 4 3 0 1 0 0 4 0 0 2 3 0 2 3 0 0 0 4 0 2 4 0 4 0 0 1 0 2 0 3 0 0 0 0 1 0 1 0 4 0 2 4 0 0 2 0 3 0 1 0 2 0 0 4 0 0 4 0 4 0 4 4 0 1 0 0 2 0 0 0 0 0 0 0 0 0 0 0 0 0 0 0 0 0 0 0 0 0 0 0 1 2 0 0 0 0 0 0 0 0 0 0 11 0 0 0 0 1 4 0 3 0 0 0 0 0 0 0 0 0 0 0 0 0 0 0 0 0 0 0 0 0 0 0 0 0 0 0 0 0 0 0 0 0 0 0 0 0 0 5 0 0 0
0 0 0 5 0 0 0 0 0 2 1 0 0 0 0 0 0 0 0 0 0 0 2 1 3 2 0 0 0 0 0 4 0 0 2 1 10 1 13 2 10 0 0 0 0 0 0 3 0 0 4 3 0 2 0 0 0 0 0 3 0 2 1 0 0 0 1 0 0 0 1 2 3 1 1 0 2 0 0 0 4 0 3 0 0 0 0 0 0 0 0 3 0 2 1 2 3 0 0 0 2 0 1 0 4 0 1 0 0 0 0 0 0 0 0 0 0 0 0 0 0 0 0 0 0 0 0 0 0 1 2 1 10 0 0 0 0 0 0 0 0 0 0 0 0 0 1 4 0 3 0 0 0 0 0 0 0 0 0 0 0 0 0 0 0 0 0 0 0 0 0 0 0 0 0 0 0 0 0 0 0 0 0 0 0 0 0 0 5 0 0 0
0 0 0 5 0 0 0 0 0 3 2 1 0 0 0 0 0 0 0 0 11 0 1 1 0 3 0 4 2 0 0 4 0 0 1 2 0 3 0 0 10 0 0 0 0 0 0 3 0 0 4 3 0 2 0 0 0 0 0 3 0 2 1 0 0 0 1 0 0 0 1 2 3 1 1 0 2 0 0 0 4 0 3 0 0 0 0 0 0 0 0 3 0 2 1 2 3 0 0 0 2 0 1 0 4 0 13 0 0 0 0 0 0 0 0 0 0 0 0 0 0 0 0 0 0 0 0 0 0 0 0 0 0 0 0 0 0 0 0 0 0 0 0 0 0 0 1 13 3 0 0 0 0 12 0 0 0 0 0 0 0 0 0 0 0 0 0 0 0 0 0 0 0 0 0 2 0 0 0 0 0 0 10 0 0 0 0 0 5 0 0 0
0 0 0 5 0 0 0 0 0 0 0 1 0 0 0 0 0 0 0 0 0 0 1 2 11 0 0 0 0 0 2 0 1 0 1 2 0 0 0 0 0 0 0 0 0 0 0 0 2 0 0 0 2 1 0 0 0 0 0 0 0 0 0 0 0 0 0 0 0 0 0 0 4 0 0 0 0 0 0 0 0 0 0 0 0 0 0 0 0 0 0 0 0 0 0 0 0 0 0 0 0 0 0 0 0 0 0 0 0 0 0 0 0 0 0 0 0 0 0 0 0 0 0 0 11 0 0 0 0 1 4 0 3 0 0 0 0 0 0 0 0 0 0 0 0 0 0 11 0 0 0 0 0 0 0 0 0 0 0 0 12 0 0 0 0 0 0 0 0 0 0 0 0 0 0 0 0 0 0 0 0 0 0 0 0 0 0 0 5 0 0 0
0 0 0 5 0 0 0 0 0 0 0 0 0 0 0 0 0 0 1 2 0 0 3 2 12 0 0 1 0 0 2 0 1 4 4 0 2 0 0 0 0 0 0 0 0 0 0 0 0 4 0 0 2 1 4 0 0 0 0 0 0 0 0 0 0 0 0 0 0 0 0 0 4 0 0 0 0 0 0 0 0 0 0 0 0 0 0 0 0 0 0 0 0 0 0 0 0 0 0 0 0 0 0 0 0 0 0 0 0 0 0 0 0 0 0 0 0 11 0 0 0 0 0 0 0 0 0 0 0 1 4 0 3 0 0 0 0 0 0 0 0 0 0 0 0 0 0 0 0 0 0 0 0 0 0 0 0 0 0 0 0 0 0 0 0 0 0 0 0 0 0 0 0 0 0 0 0 0 0 0 0 0 0 0 0 0 0 0 5 0 0 0
0 0 0 5 0 0 0 0 0 0 0 0 0 0 0 0 0 0 1 2 1 10 0 1 0 1 4 0 4 0 4 0 3 0 11 0 0 0 0 0 0 0 0 0 0 0 0 0 0 4 0 0 1 2 0 0 0 0 0 0 0 0 0 0 0 0 0 0 0 0 3 4 0 0 0 0 0 0 0 0 0 0 0 0 0 0 0 0 0 0 0 0 0 0 0 0 0 0 0 0 0 0 0 0 0 0 0 0 0 0 0 0 0 0 0 0 0 0 0 0 0 0 0 0 0 0 0 0 0 1 13 3 0 0 0 0 12 0 0 0 0 0 0 0 0 1 2 0 0 0 0 0 0 0 0 0 0 0 0 0 0 0 0 0 0 0 0 0 0 0 0 0 0 0 0 0 0 0 0 0 0 0 0 0 0 0 0 0 5 0 0 0
0 0 0 5 0 0 0 0 0 0 0 0 0 0 0 0 0 0 0 0 0 0 0 1 10 1 4 4 3 0 4 0 3 0 12 0 0 1 0 0 0 0 0 0 0 0 0 0 2 0 1 0 1 2 0 0 0 0 0 0 0 0 0 3 0 0 4 0 0 0 3 4 0 0 0 0 0 0 0 0 0 0 0 0 0 0 0 0 0 0 0 0 0 0 0 0 0 0 0 0 0 0 0 0 0 0 0 0 0 0 0 0 0 0 0 1 2 0 0 0 0 0 0 0 0 0 0 0 0 0 11 0 0 0 0 0 0 0 0 0 0 0 0 0 0 1 2 1 10 0 0 0 0 0 0 0 0 0 0 0 0 0 0 0 0 0 0 0 0 0 0 0 0 0 0 0 0 0 0 0 0 0 0 0 0 0 0 0 5 0 0 0
0 0 0 5 0 0 0 0 0 0 0 0 0 0 0 0 0 0 1 4 0 3 0 2 10 1 13 2 10 0 2 0 0 0 0 1 4 0 4 0 0 0 0 0 0 0 0 0 2 0 1 4 4 0 2 0 0 0 0 0 12 0 0 0 0 0 0 4 0 0 0 2 0 0 0 0 0 0 0 0 0 0 0 0 0 0 0 0 0 0 0 0 0 0 3 0 0 0 0 0 0 0 0 0 0 0 0 0 0 0 0 0 0 0 0 1 2 1 10 0 0 0 0 0 0 0 0 0 0 0 0 0 0 0 0 0 0 0 0 0 0 0 0 0 2 0 0 0 0 0 0 0 0 0 0 0 0 0 0 0 0 0 0 0 0 0 0 0 0 0 0 0 0 0 0 0 0 0 0 0 0 0 0 0 0 0 0 0 5 0 0 0
0 0 0 5 0 0 0 0 0 0 0 0 0 0 0 0 0 0 1 4 0 3 1 2 0 3 0 0 10 0 2 0 0 0 10 1 4 4 3 0 0 0 0 0 0 0 0 0 4 0 3 0 0 0 0 0 0 0 0 0 0 2 0 0 0 0 0 4 0 0 0 3 0 0 0 0 0 0 0 0 0 0 0 0 0 0 0 0 0 0 1 0 0 0 0 0 0 0 0 0 0 0 0 0 1 2 0 0 0 0 0 0 0 0 0 0 0 0 0 0 0 0 0 0 0 0 0 0 1 2 0 0 0 0 0 0 0 0 0 12 0 0 0 0 0 1 4 0 3 0 0 0 0 0 0 0 0 0 0 0 0 0 0 0 0 0 0 0 0 0 0 0 4 4 0 0 0 0 3 0 0 1 0 0 0 0 0 0 5 0 0 0
0 0 0 5 1 0 0 0 0 0 0 0 0 0 11 0 0 0 1 13 3 0 2 0 0 0 0 0 0 2 1 0 3 4 10 1 13 2 10 0 0 0 0 0 0 0 0 0 0 4 0 0 2 1 4 0 0 0 0 0 0 0 0 0 0 0 0 1 0 0 0 3 0 0 0 0 0 0 0 0 0 0 0 0 0 0 0 0 0 0 0 0 0 0 0 0 0 0 0 0 0 0 0 0 1 2 1 10 0 0 0 0 0 0 0 1 4 0 3 0 0 0 0 0 0 0 0 0 1 2 1 10 0 0 0 0 0 0 0 0 0 0 0 0 0 1 4 0 3 0 0 0 0 0 0 0 0 0 0 0 0 0 0 0 0 0 0 0 0 0 12 0 0 0 0 0 1 4 0 3 0 0 0 0 0 0 0 0 5 0 0 0
0 0 0 5 0 0 1 0 0 0 0 0 0 0 0 0 0 0 3 0 3 0 2 0 0 4 3 0 2 2 1 0 3 4 0 3 0 0 10 0 0 0 0 0 0 0 0 0 0 4 0 0 1 2 0 0 0 0 0 0 0 0 0 0 0 0 0 1 0 0 0 0 0 1 0 0 2 1 0 0 0 0 0 0 0 0 12 0 0 0 0 0 0 0 0 0 0 0 0 4 0 0 0 0 0 0 0 0 0 0 0 0 0 0 0 1 4 0 3 0 0 0 0 0 0 0 0 2 0 0 0 0 0 0 0 0 0 0 0 0 0 0 0 0 0 1 13 3 0 0 0 0 12 0 0 0 0 0 0 0 0 0 0 0 0 0 0 0 0 0 0 0 0 0 0 0 1 4 0 3 0 0 0 0 0 0 0 0 5 0 0 0
0 0 0 5 0 0 4 0 0 0 0 0 1 2 0 0 0 0 0 0 0 4 2 0 0 0 0 2 1 0 2 3 0 2 0 0 0 0 0 0 0 0 0 0 0 0 0 0 2 0 1 0 1 2 0 0 0 0 0 0 0 0 0 0 0 0 0 0 3 4 0 0 0 2 1 0 2 0 0 0 1 0 0 0 4 0 0 0 0 0 0 0 0 0 0 0 0 0 0 0 0 0 4 0 1 4 0 3 0 0 0 0 0 0 0 1 13 3 0 0 0 0 12 0 0 0 0 0 1 4 0 3 0 0 0 0 0 0 0 0 0 0 0 0 0 3 0 3 0 0 0 0 0 0 0 0 0 0 0 12 0 0 0 0 0 0 0 0 0 0 0 0 0 0 0 0 1 13 3 0 0 0 0 12 0 0 0 0 5 0 0 0
0 0 0 5 0 0 0 0 0 0 0 0 1 2 1 10 2 0 3 2 12 0 0 0 0 0 0 2 1 0 2 3 0 2 10 1 4 4 3 0 0 0 0 0 0 0 0 0 2 0 1 4 4 0 2 0 0 0 0 0 0 0 0 0 0 0 0 0 3 4 2 0 0 2 1 0 2 0 0 0 1 0 0 0 0 0 0 0 0 0 0 0 0 1 0 0 0 0 0 0 0 0 0 0 1 4 0 3 0 0 0 0 0 0 0 3 0 3 0 0 0 0 0 0 0 0 0 0 1 4 0 3 0 0 0 0 0 0 0 0 0 0 0 0 0 0 0 0 4 0 13 0 0 0 0 0 0 0 0 0 0 0 0 0 0 0 0 0 0 0 0 0 0 0 0 0 3 0 3 0 0 0 0 0 0 0 0 0 5 0 0 0
0 0 0 5 12 0 0 0 2 0 0 0 0 0 0 0 2 0 0 1 0 1 4 0 3 4 0 1 2 3 0 0 4 3 10 1 13 2 10 0 0 0 0 0 0 0 0 0 4 0 3 0 0 0 0 0 0 0 0 0 0 0 0 0 0 0 1 0 0 0 1 0 0 1 2 3 0 0 0 0 0 0 0 0 0 0 0 0 0 0 0 0 0 0 0 0 0 10 0 0 0 0 0 0 0 13 3 0 0 0 0 0 0 0 0 0 0 0 4 0 13 0 0 0 0 0 0 0 1 13 3 0 0 0 0 12 0 0 0 0 0 0 11 0 0 0 0 0 0 0 0 0 0 0 0 0 0 13 0 0 0 0 0 0 0 0 0 0 0 0 0 0 0 0 0 0 0 0 0 4 0 13 0 0 0 0 0 0 5 0 0 0
0 0 0 5 0 0 0 0 0 0 0 0 1 4 0 3 0 2 0 1 10 1 4 0 3 4 0 1 2 3 0 0 4 3 0 3 0 0 10 0 0 0 0 0 0 0 12 0 0 0 0 0 0 0 0 0 0 0 0 0 0 0 0 0 0 0 1 0 0 0 1 0 0 1 2 3 0 0 0 0 0 0 0 0 0 0 0 0 0 0 0 0 0 0 0 0 0 0 0 0 0 0 0 0 0 0 3 0 0 0 0 0 0 0 0 0 0 0 0 0 0 0 0 0 0 0 0 0 3 0 3 0 0 0 0 0 0 0 0 0 0 0 0 0 0 0 0 0 0 0 0 0 0 0 0 0 0 0 0 0 0 0 0 0 0 0 0 0 0 0 0 0 0 11 0 0 0 0 0 0 0 0 0 0 0 0 0 0 5 0 0 0
0 0 0 5 0 0 0 0 2 0 0 0 1 4 0 3 0 0 0 2 10 1 13 3 0 2 4 4 0 0 2 0 0 0 0 0 0 0 0 0 0 0 0 0 0 0 0 0 0 0 0 0 0 0 0 0 0 0 0 0 0 0 0 0 0 0 12 0 0 0 0 0 0 1 0 4 0 1 0 0 0 0 0 10 0 0 0 0 0 0 12 0 0 0 0 0 0 0 0 0 0 0 0 0 0 0 0 0 0 0 0 0 0 0 0 0 0 0 0 0 0 0 0 0 0 0 0 0 0 0 0 4 0 13 0 0 0 0 0 0 1 2 0 0 0 0 0 0 0 0 0 0 0 0 0 11 0 0 0 0 0 0 0 0 0 0 0 0 0 0 0 0 0 0 0 0 0 0 0 0 0 0 0 0 0 0 0 0 5 0 0 0
0 0 0 5 1 0 0 0 0 0 0 0 1 13 3 0 0 0 1 2 0 3 0 3 0 2 0 0 0 0 11 0 0 0 0 0 0 0 0 0 0 0 0 0 0 0 0 0 11 0 0 0 0 0 0 0 0 0 0 0 0 0 0 0 0 0 0 0 0 0 0 0 0 1 0 4 0 1 0 0 0 0 0 0 0 0 0 0 0 0 0 0 0 0 0 0 0 0 0 0 0 0 0 0 0 0 0 0 0 0 0 1 2 0 0 0 0 0 0 0 0 0 0 0 0 11 0 0 0 0 0 0 0 0 0 0 0 0 0 0 1 2 1 10 0 0 0 0 0 0 0 0 0 0 0 0 0 0 0 0 0 0 11 0 0 0 0 0 0 0 0 1 2 0 0 0 0 0 0 0 0 0 0 0 0 0 11 0 5 0 0 0
0 0 0 5 0 0 0 0 0 0 0 0 3 0 3 0 0 0 2 0 0 0 0 0 4 3 0 0 0 0 12 0 0 1 0 0 0 0 0 0 0 0 0 0 0 0 0 0 0 0 0 0 0 0 0 0 0 0 0 0 0 10 0 0 0 0 0 0 11 0 0 0 0 0 0 0 1 0 1 0 0 0 0 0 0 0 0 0 0 0 0 0 0 0 0 0 0 0 0 0 0 0 0 0 0 0 0 0 0 0 0 1 2 1 10 0 0 0 0 0 0 0 0 0 0 0 0 0 0 0 0 0 0 0 0 0 0 0 0 0 0 0 0 0 0 0 0 0 0 0 0 0 0 1 2 0 0 0 0 0 0 0 0 0 0 0 0 0 0 0 0 1 2 1 10 0 0 0 0 0 0 0 0 0 0 0 0 0 5 0 0 0
0 0 0 5 0 0 0 0 0 0 0 0 0 0 0 4 10 1 2 0 0 4 3 0 3 2 12 0 0 0 0 1 4 0 4 0 0 0 0 0 0 0 0 0 0 0 0 0 0 0 0 0 0 0 0 0 0 0 0 0 1 0 0 0 0 0 0 0 0 0 0 0 0 0 0 0 1 0 1 0 0 0 0 0 0 0 0 0 0 0 0 0 0 0 0 0 0 0 0 0 0 0 0 0 0 0 0 0 0 0 0 0 0 0 0 0 0 0 0 0 0 0 0 1 2 0 0 0 0 0 0 0 0 0 0 0 0 0 11 0 1 4 0 3 0 0 0 0 1 2 0 0 0 1 2 1 10 0 0 0 1 2 0 0 0 0 0 0 0 0 0 0 0 0 0 0 0 0 0 0 0 0 0 0 1 2 0 0 5 0 0 0
0 0 0 5 0 0 0 0 2 0 3 2 12 0 0 0 0 1 2 0 0 0 0 0 0 1 0 1 4 0 10 1 4 4 3 0 0 0 0 0 0 0 0 0 0 0 0 0 0 4 0 0 0 0 0 0 0 0 0 0 0 0 0 0 0 0 0 0 0 0 0 0 0 1 0 2 0 4 0 0 0 0 0 0 0 0 0 2 0 0 0 0 0 0 0 0 0 0 0 0 0 0 0 0 0 0 0 0 0 0 0 1 4 0 3 0 0 0 0 0 0 0 0 1 2 1 10 0 0 0 0 0 0 0 0 0 0 0 0 0 1 4 0 3 0 0 0 0 1 2 1 10 0 0 0 0 0 0 0 0 1 2 1 10 0 0 0 0 0 0 0 1 2 0 0 0 0 0 11 0 0 0 0 0 1 2 1 10 5 0 0 0
0 0 0 5 0 0 0 0 2 0 0 1 0 1 4 0 3 0 2 0 0 4 0 2 0 1 10 1 4 0 10 1 13 2 10 0 0 0 0 0 0 0 0 0 0 0 0 0 0 0 0 0 0 0 0 0 0 0 0 0 0 0 0 0 0 0 0 0 0 4 0 0 0 1 0 2 0 4 0 0 0 0 0 0 0 0 0 0 0 0 0 0 0 0 0 0 0 0 0 0 0 0 0 0 0 0 0 0 0 0 0 1 4 0 3 0 0 0 0 2 0 0 0 0 0 0 0 0 0 0 0 0 0 0 0 0 1 2 0 0 1 13 3 0 0 0 0 0 0 0 0 0 0 1 4 0 3 0 0 0 0 0 0 0 0 0 0 0 0 0 0 1 2 1 10 0 0 0 0 0 0 0 0 0 0 0 0 0 5 0 0 0
0 0 0 5 0 0 0 0 0 2 0 1 10 1 4 0 3 4 3 0 0 11 0 0 0 2 10 1 13 0 0 3 0 0 10 0 0 0 0 0 0 0 0 12 0 0 0 0 1 0 0 0 0 0 0 0 0 0 0 0 0 0 0 0 0 0 0 0 0 0 0 0 4 0 2 0 1 0 1 0 4 0 0 0 0 0 0 0 0 0 0 0 0 0 0 0 2 0 0 0 0 0 0 0 0 0 1 2 0 0 0 0 13 3 0 0 0 0 0 0 0 0 0 1 4 0 3 0 0 0 0 0 0 0 0 0 1 2 1 0 3 0 3 0 0 0 11 0 1 4 0 3 0 1 4 0 3 0 0 0 1 4 0 3 0 0 0 0 0 0 0 0 0 0 0 0 1 2 0 0 0 0 0 0 1 4 0 3 5 0 0 0
0 0 0 5 2 0 4 4 0 0 0 2 10 1 13 3 0 4 3 0 0 0 0 0 1 2 0 3 0 0 0 0 0 0 0 0 0 0 0 0 0 0 0 0 1 4 0 10 1 0 0 0 4 0 0 0 0 0 0 0 0 0 0 12 0 0 0 0 1 0 0 0 4 0 2 0 1 0 1 0 4 0 0 0 0 0 0 0 0 0 0 0 0 0 0 0 0 0 0 0 0 0 0 1 2 0 0 2 1 10 0 0 0 3 0 0 0 0 0 0 0 0 0 1 4 0 3 0 0 0 0 0 2 0 0 0 0 0 0 0 0 0 0 4 0 0 0 0 1 4 0 3 0 1 13 3 0 0 0 0 1 4 0 3 0 0 0 0 0 11 0 1 4 0 3 0 1 2 1 10 0 0 0 0 1 4 0 3 5 0 0 0
0 0 0 5 0 0 0 0 0 0 1 2 0 3 0 3 0 0 0 0 0 0 0 0 2 0 0 0 0 3 0 2 3 0 0 0 0 0 0 0 0 0 0 10 1 4 0 10 1 0 0 0 0 0 0 0 0 0 0 0 0 0 0 0 1 4 0 10 1 0 0 0 2 0 3 0 1 1 0 2 0 0 0 0 0 0 0 0 0 0 0 0 0 0 0 0 0 0 0 0 0 0 0 1 2 1 10 0 0 0 0 0 0 0 4 0 13 0 4 0 0 0 0 1 13 3 0 0 0 0 0 0 0 0 0 0 1 4 0 0 0 0 0 0 1 2 0 0 1 13 3 0 0 3 0 3 0 0 0 0 1 2 0 0 0 0 0 0 0 0 0 1 4 0 3 0 0 0 0 0 0 0 0 0 1 13 3 0 5 0 0 0
0 0 0 5 0 0 0 0 0 0 2 0 0 0 0 0 4 0 0 0 0 1 10 1 2 0 0 4 3 3 0 2 3 0 0 0 0 0 0 0 0 0 0 10 1 13 0 0 3 0 0 0 0 0 0 0 0 0 0 0 0 0 0 10 1 4 0 10 1 0 0 0 2 0 3 0 1 1 0 2 0 0 0 0 0 0 0 0 0 4 0 0 0 0 0 0 0 0 0 0 0 0 0 0 0 0 0 4 0 3 0 0 0 0 0 0 0 0 0 0 0 0 0 3 0 3 0 0 0 0 0 0 0 0 0 0 1 4 0 0 0 0 0 0 1 2 1 0 3 0 3 0 0 0 0 0 0 0 0 0 1 2 1 10 0 0 0 1 2 0 0 1 13 3 0 0 1 2 0 0 0 0 0 0 3 0 3 0 5 0 0 0
0 0 0 5 0 0 3 0 10 1 2 0 0 4 3 0 3 0 0 0 0 1 10 1 2 0 0 0 0 0 4 3 0 0 0 0 0 0 0 0 0 0 0 0 3 0 0 0 0 0 12 0 0 0 0 0 0 0 4 0 4 0 0 10 1 13 0 0 3 0 0 0 0 0 0 0 0 0 0 0 0 0 0 0 0 0 0 0 0 0 0 0 0 0 0 0 0 0 0 0 0 0 0 1 4 0 3 4 0 0 0 1 2 0 0 0 0 0 0 0 0 0 0 0 0 0 4 0 0 0 1 2 0 0 0 0 1 13 3 0 0 0 0 0 0 0 0 0 0 0 0 4 0 0 0 0 0 0 0 0 0 0 0 0 0 0 0 1 2 1 0 3 0 3 0 0 1 2 1 10 0 0 0 0 0 2 0 4 5 0 0 0
0 0 0 5 0 1 0 0 10 1 2 0 0 0 0 0 0 1 0 0 0 0 0 0 2 0 2 3 0 0 4 3 0 0 0 0 0 0 0 0 0 0 0 0 0 0 3 0 2 0 0 0 0 0 0 0 0 0 0 0 0 0 0 0 3 0 0 0 0 0 12 0 0 0 0 0 0 0 0 0 0 0 0 0 0 0 0 0 0 0 0 0 0 0 0 0 0 0 0 0 0 0 0 0 0 0 0 13 0 0 0 1 2 1 0 0 0 0 0 0 0 0 0 0 0 0 0 0 2 0 0 2 1 0 0 0 3 0 3 0 0 0 0 0 1 4 0 0 0 0 0 0 0 0 0 0 0 0 11 0 1 4 0 3 0 0 0 0 0 0 0 0 0 0 4 0 0 0 0 0 0 0 0 0 0 0 0 0 5 0 0 0
0 0 0 5 0 0 0 0 3 0 2 0 0 4 0 2 0 1 4 0 4 0 1 0 2 3 0 0 2 0 0 0 2 0 0 0 0 0 0 0 4 3 0 0 4 3 3 0 2 0 0 0 0 0 0 0 0 0 0 0 0 0 0 0 0 0 3 0 2 0 0 0 0 0 0 0 0 0 0 0 0 0 0 0 0 0 0 0 0 0 0 0 0 0 0 0 0 0 0 0 0 0 0 0 1 2 0 0 0 0 0 0 0 0 0 0 0 0 0 0 0 0 0 0 0 0 0 0 2 1 10 0 0 0 0 0 0 0 0 0 0 0 0 0 1 4 0 0 0 0 0 0 0 0 0 0 0 0 0 0 1 4 0 3 0 0 0 0 0 1 2 0 0 0 0 0 1 4 0 3 0 0 0 0 0 0 0 0 5 0 0 0
0 0 0 5 0 0 0 0 0 4 3 0 0 11 0 0 0 3 0 0 3 0 1 2 0 3 0 0 0 0 0 0 0 0 0 0 0 0 0 0 2 10 0 0 0 0 0 0 3 0 0 0 0 0 0 0 0 0 0 0 12 0 0 0 4 3 3 0 2 0 0 0 0 0 0 0 0 0 0 0 0 0 0 0 0 0 0 0 0 0 0 0 0 0 0 0 0 0 0 0 0 0 2 0 0 2 1 0 0 0 0 1 4 0 0 0 0 0 0 0 0 10 0 0 0 0 0 0 0 0 0 4 0 0 0 0 0 0 0 0 0 0 0 0 1 13 3 0 0 0 0 0 0 0 0 0 1 2 0 0 1 13 3 0 0 0 0 0 0 1 2 0 0 0 0 2 1 4 0 3 0 0 0 0 0 0 0 0 5 0 0 0
0 0 0 5 0 3 0 0 0 4 3 0 0 0 0 0 1 3 0 2 2 0 0 0 0 0 0 0 0 0 0 0 0 0 0 0 0 0 0 0 0 10 0 0 3 0 0 0 3 0 0 0 0 0 0 0 0 0 0 0 0 0 0 0 0 0 0 0 3 0 0 0 0 0 0 0 0 0 0 0 0 0 0 0 0 0 0 0 0 0 0 0 0 0 4 0 0 0 0 0 0 0 2 1 10 0 0 0 0 0 0 1 4 0 0 0 0 0 0 0 0 0 0 0 0 0 0 0 4 0 3 4 0 0 0 0 0 0 0 0 0 0 0 0 3 0 3 0 0 0 0 0 0 0 0 0 1 2 1 0 3 0 3 0 0 0 0 0 0 0 0 0 0 0 0 0 1 13 3 0 0 0 0 0 0 0 0 0 5 0 0 0
0 0 0 5 0 0 0 0 0 0 0 0 0 0 0 0 2 2 0 1 0 0 0 0 0 0 0 0 0 0 0 0 0 0 0 0 0 0 0 0 0 0 0 0 0 0 0 0 0 0 0 0 0 0 0 0 0 0 0 0 0 0 0 0 3 0 0 0 3 0 0 0 0 0 0 0 0 0 0 0 0 0 0 0 0 0 0 0 0 0 0 0 0 0 0 0 0 0 0 0 0 0 0 0 0 4 0 0 0 0 0 0 13 3 0 0 0 0 0 0 0 0 0 0 0 0 0 2 4 0 3 13 0 0 10 0 0 0 0 0 0 0 0 0 0 0 0 0 0 0 0 0 0 0 0 0 0 0 0 0 0 0 0 4 0 0 0 0 0 1 2 0 0 0 0 0 3 0 3 0 0 0 0 0 0 0 0 0 5 0 0 0
0 0 0 5 0 0 0 0 4 0 0 0 0 1 10 1 2 2 3 1 0 0 0 0 0 0 0 0 0 0 0 0 0 0 0 0 0 0 0 0 0 0 0 0 0 0 0 0 0 0 0 0 0 0 0 0 0 0 0 0 0 0 0 0 0 0 0 0 0 0 0 0 0 0 0 0 0 0 0 0 0 4 0 0 0 0 0 0 0 0 0 0 0 0 0 0 0 2 0 0 0 0 4 0 3 4 0 0 1 10 0 0 0 3 0 0 0 0 0 0 0 0 0 0 0 0 0 0 0 0 0 0 0 0 0 0 0 0 0 0 0 0 0 0 0 0 0 0 0 0 0 0 0 0 0 0 1 4 0 0 0 0 0 0 0 0 0 0 0 1 2 0 0 0 0 0 0 0 0 0 0 0 0 0 0 0 0 0 5 0 0 0
0 0 0 5 0 0 0 0 4 0 0 0 0 1 10 1 2 0 3 2 3 0 0 0 0 0 0 0 0 0 0 0 0 0 0 0 0 0 0 0 0 0 0 0 0 0 0 0 0 0 0 0 0 0 0 0 0 0 0 0 0 0 0 0 0 0 0 0 0 0 0 0 0 0 0 0 0 0 0 0 0 0 0 0 0 0 0 0 0 0 0 0 0 0 0 0 0 0 0 0 0 0 4 0 3 13 0 0 0 0 0 0 0 0 0 0 0 0 0 0 0 0 0 0 0 0 0 0 0 0 0 0 0 0 0 0 0 0 0 0 0 0 0 0 0 0 0 0 0 0 0 0 0 0 0 0 1 4 0 0 0 0 0 0 0 0 0 0 0 0 0 0 0 0 0 0 0 0 0 0 0 0 0 0 0 0 0 0 5 0 0 0
0 0 0 5 0 12 0 0 0 0 0 0 0 0 0 0 0 0 0 2 3 0 0 0 0 0 0 0 0 0 0 0 0 0 0 0 0 0 0 0 0 0 0 0 0 0 4 3 0 0 0 0 0 0 0 0 0 0 0 0 0 0 0 0 0 0 0 0 0 0 0 0 0 0 0 0 0 0 0 0 0 0 0 0 0 0 0 0 0 0 0 0 0 0 0 0 0 0 0 0 0 0 0 0 0 0 0 0 0 3 0 0 0 0 0 0 0 0 0 0 0 0 0 0 0 0 0 0 0 0 0 0 0 0 0 0 0 0 0 0 0 4 4 0 0 0 0 3 0 0 1 0 0 0 0 0 1 13 3 0 0 0 0 0 0 0 0 11 0 1 4 0 0 0 0 0 0 0 0 0 0 0 0 0 0 0 0 0 5 0 0 0
0 0 0 5 0 0 0 0 0 0 0 0 0 0 0 0 0 0 0 0 0 0 0 0 0 0 0 0 0 0 0 0 0 0 0 0 0 0 0 0 0 0 0 0 0 0 2 10 0 0 0 0 0 0 0 0 0 0 0 0 0 0 0 0 0 0 4 3 0 0 0 0 0 0 0 0 0 0 0 0 0 0 0 0 0 0 0 0 0 0 0 0 0 0 0 0 0 0 0 0 0 0 0 0 0 0 0 0 0 0 0 0 0 0 0 0 0 0 0 0 0 0 0 0 0 0 0 0 0 0 0 0 0 0 0 0 0 0 0 0 0 0 0 0 0 0 0 0 4 4 0 0 0 0 3 0 3 0 3 0 0 0 0 0 0 0 0 0 0 1 4 0 4 4 0 0 0 0 3 0 0 1 0 0 0 0 0 3 5 0 0 0
0 0 0 5 0 0 0 0 0 0 0 0 0 0 0 0 0 0 0 0 0 0 0 0 0 0 0 0 0 0 0 0 0 0 0 0 0 0 0 0 0 0 0 0 0 0 0 10 0 0 0 0 0 0 0 0 0 0 0 0 0 0 0 0 0 0 2 10 0 0 0 0 0 0 0 0 0 0 0 0 0 0 0 0 0 0 0 0 0 0 0 0 0 0 0 0 0 0 0 0 0 0 0 0 0 0 0 0 0 0 0 0 0 0 0 0 0 0 0 0 0 0 0 0 0 0 0 0 0 0 0 0 0 0 0 0 0 0 0 0 0 0 0 0 0 0 0 0 0 0 0 0 0 0 0 0 0 0 0 0 0 0 0 0 0 0 0 0 0 0 0 0 0 0 0 0 0 0 0 0 0 0 0 0 0 0 0 0 5 0 0 0
0 0 0 5 0 0 1 0 0 0 0 0 0 0 0 0 0 0 0 0 0 0 0 0 0 0 0 0 0 0 0 0 0 0 0 0 0 0 0 0 0 0 0 0 0 0 0 0 0 0 0 0 0 0 0 0 0 0 0 0 0 0 0 0 0 0 0 10 0 0 0 0 0 0 0 0 0 0 0 0 0 0 0 0 0 0 0 0 0 0 0 0 0 0 0 0 0 0 0 0 0 0 0 0 0 0 0 0 0 0 0 0 0 0 0 0 0 0 0 0 0 0 0 0 4 4 0 0 0 0 3 0 0 1 0 0 0 0 0 0 0 0 0 0 0 0 0 0 0 0 0 0 0 0 0 0 0 0 0 0 0 0 0 0 0 0 0 0 0 0 0 0 0 0 0 0 0 0 0 0 0 0 0 0 0 0 0 0 5 0 0 0
0 0 0 5 5 5 5 5 5 5 5 5 5 5 5 5 5 5 5 5 5 5 5 5 5 5 5 5 5 5 5 5 5 5 5 5 5 5 5 5 5 5 5 5 5 5 5 5 5 5 5 5 5 5 5 5 5 5 5 5 5 5 5 5 5 5 5 5 5 5 5 5 5 5 5 5 5 5 5 5 5 5 5 5 5 5 5 5 5 5 5 5 5 5 5 5 5 5 5 5 5 5 5 5 5 5 5 5 5 5 5 5 5 5 5 5 5 5 5 5 5 5 5 5 5 5 5 5 5 5 5 5 5 5 5 5 5 5 5 5 5 5 5 5 5 5 5 5 5 5 5 5 5 5 5 5 5 5 5 5 5 5 5 5 5 5 5 5 5 5 5 5 5 5 5 5 5 5 5 5 5 5 5 5 5 5 5 5 5 0 0 0
0 0 0 5 5 5 5 5 5 5 5 5 5 5 5 5 5 5 5 5 5 5 5 5 5 5 5 5 5 5 5 5 5 5 5 5 5 5 5 5 5 5 5 5 5 5 5 5 5 5 5 5 5 5 5 5 5 5 5 5 5 5 5 5 5 5 5 5 5 5 5 5 5 5 5 5 5 5 5 5 5 5 5 5 5 5 5 5 5 5 5 5 5 5 5 5 5 5 5 5 5 5 5 5 5 5 5 5 5 5 5 5 5 5 5 5 5 5 5 5 5 5 5 5 5 5 5 5 5 5 5 5 5 5 5 5 5 5 5 5 5 5 5 5 5 5 5 5 5 5 5 5 5 5 5 5 5 5 5 5 5 5 5 5 5 5 5 5 5 5 5 5 5 5 5 5 5 5 5 5 5 5 5 5 5 5 5 5 5 0 0 0
0 0 0 0 0 0 0 0 0 0 0 0 0 0 0 0 0 0 0 0 0 0 0 0 0 0 0 0 0 0 0 0 0 0 0 0 0 0 0 0 0 0 0 0 0 0 0 0 0 0 0 0 0 0 0 0 0 0 0 0 0 0 0 0 0 0 0 0 0 0 0 0 0 0 0 0 0 0 0 0 0 0 0 0 0 0 0 0 0 0 0 0 0 0 0 0 0 0 0 0 0 0 0 0 0 0 0 0 0 0 0 0 0 0 0 0 0 0 0 0 0 0 0 0 0 0 0 0 0 0 0 0 0 0 0 0 0 0 0 0 0 0 0 0 0 0 0 0 0 0 0 0 0 0 0 0 0 0 0 0 0 0 0 0 0 0 0 0 0 0 0 0 0 0 0 0 0 0 0 0 0 0 0 0 0 0 0 0 0 0 0 0
0 0 0 0 0 0 0 0 0 0 0 0 0 0 0 0 0 0 0 0 0 0 0 0 0 0 0 0 0 0 0 0 0 0 0 0 0 0 0 0 0 0 0 0 0 0 0 0 0 0 0 0 0 0 0 0 0 0 0 0 0 0 0 0 0 0 0 0 0 0 0 0 0 0 0 0 0 0 0 0 0 0 0 0 0 0 0 0 0 0 0 0 0 0 0 0 0 0 0 0 0 0 0 0 0 0 0 0 0 0 0 0 0 0 0 0 0 0 0 0 0 0 0 0 0 0 0 0 0 0 0 0 0 0 0 0 0 0 0 0 0 0 0 0 0 0 0 0 0 0 0 0 0 0 0 0 0 0 0 0 0 0 0 0 0 0 0 0 0 0 0 0 0 0 0 0 0 0 0 0 0 0 0 0 0 0 0 0 0 0 0 0
0 0 0 0 0 0 0 0 0 0 0 0 0 0 0 0 0 0 0 0 0 0 0 0 0 0 0 0 0 0 0 0 0 0 0 0 0 0 0 0 0 0 0 0 0 0 0 0 0 0 0 0 0 0 0 0 0 0 0 0 0 0 0 0 0 0 0 0 0 0 0 0 0 0 0 0 0 0 0 0 0 0 0 0 0 0 0 0 0 0 0 0 0 0 0 0 0 0 0 0 0 0 0 0 0 0 0 0 0 0 0 0 0 0 0 0 0 0 0 0 0 0 0 0 0 0 0 0 0 0 0 0 0 0 0 0 0 0 0 0 0 0 0 0 0 0 0 0 0 0 0 0 0 0 0 0 0 0 0 0 0 0 0 0 0 0 0 0 0 0 0 0 0 0 0 0 0 0 0 0 0 0 0 0 0 0 0 0 0 0 0 0
